,date,rating
0,20110329,0.9294727261898581
1,20110330,2.9428206071194056
2,20110331,3.1953957256819105
3,20110401,1.897711404090221
4,20110406,1.4919896990994914
5,20110407,2.6735280098034697
6,20110408,1.987715178603408
7,20110411,2.2832958418847555
8,20110412,1.244912589537322
9,20110414,3.235712049852381
10,20110415,1.5232751266460551
11,20110418,1.493688778801663
12,20110419,3.2163869754805363
13,20110420,1.8526149773761658
14,20110421,1.5692036167317205
15,20110422,2.567722422285326
16,20110425,0.8845204625427512
17,20110426,1.3144371098414622
18,20110427,1.5273511378750517
19,20110428,1.4186347225855587
20,20110429,1.3573448194310922
21,20110503,1.9054517803208537
22,20110504,1.4889596165948589
23,20110505,3.4625632093948138
24,20110506,0.9269910860334153
25,20110509,3.2052161754331747
26,20110510,2.525640989547486
27,20110511,2.2791711936829744
28,20110512,1.9686434985981078
29,20110513,1.151377745512514
30,20110516,1.6169964864077189
31,20110517,1.724043935535701
32,20110518,4.660871891101059
33,20110519,1.0338239790833001
34,20110520,3.9019230900834416
35,20110523,1.9351176294560573
36,20110524,1.3038121381970338
37,20110525,1.5466185439693445
38,20110526,1.2627188631315944
39,20110527,1.662266478870211
40,20110530,2.946703909533843
41,20110531,1.8337986325346032
42,20110601,1.2720357310176063
43,20110602,1.9257760082355186
44,20110603,1.3724911729110212
45,20110607,3.2077147452294814
46,20110608,0.9528258016600751
47,20110609,1.665147026767509
48,20110610,2.2894268789327206
49,20110613,1.945736502793297
50,20110615,3.4491368102835986
51,20110616,3.4947279700257856
52,20110617,1.2833666801280539
53,20110620,2.8114855539402868
54,20110621,2.4113411589740257
55,20110622,4.209161067914479
56,20110623,1.5332180702069957
57,20110624,1.1188973255849857
58,20110627,1.7151962901032758
59,20110628,3.077989409134848
60,20110629,1.0902415324625463
61,20110630,1.2315648293465158
62,20110701,1.7633305145050049
63,20110704,1.7057429675347677
64,20110705,4.577775437508571
65,20110706,1.9197147097282197
66,20110707,2.1930486989964497
67,20110711,1.626328725901423
68,20110712,5.814950631699764
69,20110713,3.6395321399871228
70,20110714,3.781819213625219
71,20110715,2.1157121522864544
72,20110718,2.2203914742517243
73,20110719,3.352128290464589
74,20110720,2.8260003093679003
75,20110721,1.8540185439788062
76,20110722,1.577510255893281
77,20110725,1.1436721968109023
78,20110726,2.3062216237560356
79,20110727,1.6501912007261106
80,20110728,5.597581718426702
81,20110729,1.6232044238117453
82,20110801,2.003278185553443
83,20110802,1.4802148280454834
84,20110803,1.593286394037922
85,20110804,1.8293882414469784
86,20110805,1.8113328923894636
87,20110808,1.254725392391515
88,20110809,0.9806251466698803
89,20110810,1.7459542881322434
90,20110811,1.478121471227172
91,20110812,3.788923750303545
92,20110815,5.089978003103852
93,20110816,3.2627288145210294
94,20110817,1.9695621866567794
95,20110818,1.4185145923759104
96,20110819,1.0825307679261051
97,20110822,2.419872956531112
98,20110823,1.9062745054986774
99,20110824,1.655979547537555
100,20110825,1.05612413236644
101,20110826,1.4648024415600975
102,20110829,1.174098447899489
103,20110830,1.3815619572166442
104,20110831,1.8846367403644286
105,20110901,2.028527946413117
106,20110902,2.0985533448510596
107,20110905,0.7443590279318876
108,20110906,0.584193914925099
109,20110907,1.2262405685164994
110,20110909,1.3681409356139411
111,20110913,3.2239877786096622
112,20110914,1.5700997497280296
113,20110915,1.3604843069108874
114,20110916,1.6234054530594737
115,20110919,0.7313161887457776
116,20110920,1.5314663664912906
117,20110921,1.2372656521536922
118,20110922,1.844367220997226
119,20110923,1.706902229389986
120,20110926,0.7490045937926523
121,20110927,0.9849902913090666
122,20110928,0.9592016978201634
123,20110929,1.1636631384619485
124,20110930,1.3605050487289176
125,20111010,1.9510517702960117
126,20111011,0.8681979001356218
127,20111012,0.5427833907492925
128,20111013,1.0163604406919133
129,20111014,1.3020885696306417
130,20111017,1.3139770622099587
131,20111018,0.8075898693858012
132,20111019,1.8131664291416723
133,20111020,1.8413016146250383
134,20111021,0.6975739383357139
135,20111024,1.3885670991045156
136,20111025,0.8049671904729346
137,20111026,1.253990229827659
138,20111027,2.520419921832282
139,20111028,1.8208103028264901
140,20111031,1.8968405352690174
141,20111101,1.1404353283651076
142,20111102,0.8301693774746005
143,20111103,1.5603734960168563
144,20111104,1.8227209131306494
145,20111107,1.2942600899233978
146,20111108,1.1906974715702034
147,20111109,0.9082426142114409
148,20111110,0.611924659466646
149,20111111,1.6474411687274926
150,20111114,3.1733166974018006
151,20111115,6.431088243662377
152,20111116,1.5575414250328738
153,20111117,1.8187538174245181
154,20111118,1.8275716295173936
155,20111121,1.6405572488503666
156,20111122,3.534473848454452
157,20111123,3.7878788817255216
158,20111125,1.9051313104637388
159,20111128,2.1255878758902313
160,20111129,1.0054564158439934
161,20111130,0.9236011154431617
162,20111201,1.5391381189236262
163,20111202,1.7216680155901647
164,20111205,1.277548242527706
165,20111206,1.4106188489313756
166,20111207,1.8911502971419312
167,20111208,1.327639871226653
168,20111209,2.3773677819271635
169,20111212,3.4991045014996733
170,20111213,2.3899656693597633
171,20111214,1.7135902431734131
172,20111215,1.6400948937858235
173,20111216,1.2000489957363627
174,20111219,0.8490931455959257
175,20111220,3.2665593798369796
176,20111221,1.4064309477410937
177,20111222,1.7650494055506352
178,20111223,1.7544517787881275
179,20111226,0.9659521273836583
180,20111227,2.4740851938251702
181,20111228,1.5240438702771593
182,20111229,1.6447995875402297
183,20111230,2.484399280347354
184,20120104,1.396524803225563
185,20120105,1.8656126648789806
186,20120106,1.6427659321017973
187,20120109,1.3592295926480018
188,20120110,1.3177799024581731
189,20120111,2.1505737546043138
190,20120112,1.5769248001222262
191,20120113,1.4408161063735005
192,20120116,1.4415806784636773
193,20120117,1.5528602985933044
194,20120118,1.2879354276235362
195,20120119,1.4364825745950798
196,20120120,5.225834544806325
197,20120130,1.4250191592247805
198,20120131,1.0079943517418677
199,20120201,1.3853708064031518
200,20120202,1.245618754867985
201,20120206,0.0
202,20120207,0.0
203,20120208,0.0
204,20120209,0.0
205,20120210,3.5307007758463715
206,20120213,1.3197570512498535
207,20120221,2.4312078283072522
208,20120222,1.7227279355159082
209,20120223,2.1942454093498016
210,20120224,7.505630105511225
211,20120227,1.6713544207106714
212,20120228,2.21172605620967
213,20120229,2.9939678840806585
214,20120301,1.9261871299200617
215,20120302,1.9481969321478494
216,20120305,1.9256951176415147
217,20120306,4.472687650252101
218,20120307,5.81092601181437
219,20120308,3.142020364962616
220,20120309,1.6350534015626925
221,20120312,2.086462826506387
222,20120313,2.756827144230855
223,20120314,1.6816415930935065
224,20120315,1.150378981381625
225,20120316,1.4214380215399252
226,20120319,1.7269776428992596
227,20120320,1.204817103677274
228,20120321,1.7831901856174903
229,20120323,1.5914260598261531
230,20120326,1.9802195951366863
231,20120327,2.6847853855530452
232,20120328,1.5468247243812694
233,20120329,2.8153296476297704
234,20120330,2.400977918182303
235,20120405,0.9952644469322799
236,20120406,2.7141630637188787
237,20120409,4.04645923931035
238,20120410,1.0730439664079412
239,20120411,1.8340429145802344
240,20120412,1.6223563746471443
241,20120413,4.785382268684555
242,20120416,2.563582711764608
243,20120417,2.4463773647382268
244,20120418,3.386168615460587
245,20120419,3.353438750960431
246,20120420,1.776512319240683
247,20120423,1.8537907214446723
248,20120424,1.744364164884672
249,20120425,0.9747117130839078
250,20120426,3.787983479108228
251,20120427,2.425816542369096
252,20120502,1.919087844046375
253,20120503,4.1497856116638685
254,20120504,1.953646234101209
255,20120507,0.5283444420346763
256,20120508,3.334135083207676
257,20120509,1.9580978563427767
258,20120510,4.085774370023846
259,20120511,2.113671403009927
260,20120514,1.3768129104381193
261,20120515,3.5585956909315106
262,20120516,4.347368061424662
263,20120517,1.577022811452423
264,20120518,2.5393472706727005
265,20120521,2.1791685961489176
266,20120522,2.0756834280244973
267,20120523,2.482596960362136
268,20120524,1.2347293355045432
269,20120525,2.3497817950401747
270,20120528,1.499143246949513
271,20120529,1.076151723806463
272,20120530,1.8764572396182306
273,20120531,2.290889876339198
274,20120601,2.1655098602259515
275,20120604,2.9904403472393475
276,20120605,8.84168065425906
277,20120606,2.75320216891416
278,20120607,1.4620137206904158
279,20120608,1.7070790505130782
280,20120611,0.9732702571570673
281,20120612,3.9051961687612167
282,20120613,1.6735460620298237
283,20120614,3.484989721587238
284,20120615,1.4580989953395505
285,20120618,1.8754860795286123
286,20120619,2.418197748024715
287,20120620,3.909682239419324
288,20120621,2.192287890806578
289,20120625,4.37154207158467
290,20120626,1.3835502180901862
291,20120627,1.4754577831328626
292,20120628,2.5398275669386883
293,20120629,1.040845069699469
294,20120702,3.457961528691266
295,20120703,1.5336978908510555
296,20120704,1.6836869268762598
297,20120705,3.4298443113717196
298,20120706,1.3047900289491992
299,20120709,0.9640151975848137
300,20120710,1.5881539517728054
301,20120711,3.5070196780302
302,20120712,1.3763028996774311
303,20120713,1.2653997150105232
304,20120716,1.3812021719960694
305,20120717,3.2972421794697717
306,20120718,2.2978375686352748
307,20120719,1.8312081861895113
308,20120720,1.8516860630885845
309,20120723,1.6689769656881825
310,20120724,3.6438753322175192
311,20120725,1.3173025613754774
312,20120726,1.6415437303346723
313,20120727,2.52513104753094
314,20120730,1.8958866572591477
315,20120731,1.9373869928816911
316,20120801,1.241104742128572
317,20120802,4.328930760377207
318,20120803,2.1836075719456858
319,20120806,1.6639583034457255
320,20120807,4.278953181284603
321,20120808,2.3147112352733954
322,20120809,1.5007237813623044
323,20120810,10.149803517211492
324,20120813,3.8427106145981584
325,20120814,1.9918920546285168
326,20120815,5.528404488506777
327,20120816,4.048981191176433
328,20120817,1.7597281386868353
329,20120820,2.2973802010882496
330,20120821,2.052671859542477
331,20120822,3.479742493498731
332,20120823,1.316436858976902
333,20120824,2.8312119597032015
334,20120827,2.853356551483089
335,20120828,1.087326348857524
336,20120829,1.3802293175579767
337,20120830,1.1960351994488496
338,20120831,1.726137584490571
339,20120903,1.58035578831449
340,20120904,2.1974410771810677
341,20120905,1.0123537493027404
342,20120906,1.9634511715015932
343,20120907,1.8327392928833708
344,20120910,2.3955696184144397
345,20120911,2.3449953215029677
346,20120912,2.636492377339223
347,20120913,1.6040236342697696
348,20120914,1.5428809730630069
349,20120917,1.3430423452492097
350,20120918,4.816262995714554
351,20120919,1.8920925666386468
352,20120920,1.3569123776186214
353,20120921,2.0416673023595355
354,20120924,1.561379621268565
355,20120925,1.7685722928647305
356,20120926,1.0449745319034718
357,20120927,1.8400795135550674
358,20120928,1.1301990882883213
359,20121008,3.3091715948326756
360,20121009,1.1588471486641214
361,20121010,1.6632951351631846
362,20121011,1.109920141633608
363,20121012,0.8200253487733002
364,20121015,2.6402233812180853
365,20121016,1.651001126718307
366,20121017,1.3432020255547998
367,20121018,2.6598230735830333
368,20121019,4.814836361495989
369,20121022,1.0516075824817748
370,20121023,1.436340292212712
371,20121024,1.183546085373377
372,20121025,1.7146587274583394
373,20121026,2.8506256182674443
374,20121029,3.1527503879264214
375,20121030,2.535109082579296
376,20121031,2.2970466381931978
377,20121101,2.245116417455212
378,20121102,1.4186945207878716
379,20121105,1.8163799101749285
380,20121106,1.540770518038658
381,20121107,6.574001961467756
382,20121108,1.4608598666101142
383,20121109,1.958632815477924
384,20121112,1.6116329579312694
385,20121113,2.144525687430482
386,20121114,1.8745847566478333
387,20121115,1.132251843276526
388,20121116,1.6683854274425074
389,20121119,1.723182267496813
390,20121120,1.848805688365896
391,20121121,1.1938959493977925
392,20121122,2.462296511115497
393,20121123,2.1736000544346203
394,20121126,1.2725310710442275
395,20121127,1.6157855167466306
396,20121128,2.6897271665469
397,20121129,1.2870500522844694
398,20121130,1.0218229318992902
399,20121203,1.5730457963932742
400,20121204,2.3641335775703936
401,20121205,1.25919059420463
402,20121206,1.7113061789930661
403,20121207,1.7379471142040623
404,20121210,2.8514398265117284
405,20121211,3.9104340441251764
406,20121212,1.8519596581304716
407,20121213,1.5325646363416638
408,20121214,1.005171600152335
409,20121217,3.582370082266778
410,20121218,4.904170853230441
411,20121219,1.421834712043404
412,20121220,2.5597107765807214
413,20121221,1.023719992369716
414,20121224,1.6789810392704443
415,20121225,1.4502412763948622
416,20121226,1.7989744924995053
417,20121227,1.4069833785475572
418,20121228,1.3276960724379567
419,20121231,1.3145862453892327
420,20130104,1.403373598665758
421,20130107,3.444541796349522
422,20130108,1.1520265908216996
423,20130109,4.3194295934836715
424,20130110,5.691595920611721
425,20130111,3.2962308594109975
426,20130114,2.5245126520481334
427,20130115,2.370474933743101
428,20130116,2.4003687376587095
429,20130117,3.5875997776159583
430,20130118,1.8435582424354857
431,20130121,6.0753343062320475
432,20130122,2.3833558866271947
433,20130123,2.013650108086409
434,20130124,1.5055412876927619
435,20130125,3.1089612601818284
436,20130128,1.4167033500307826
437,20130129,2.5628202952357144
438,20130130,1.8291864274310217
439,20130131,3.2352871650163535
440,20130201,6.77445953183332
441,20130204,3.5474504088449343
442,20130205,2.1726921423158085
443,20130206,3.8806302257172685
444,20130207,2.902707425285123
445,20130208,1.7955603157973754
446,20130218,1.5293491305678106
447,20130219,2.1513564102722476
448,20130220,3.9510318991129267
449,20130221,1.7676875515888837
450,20130222,2.5416437078847594
451,20130225,3.5711201249225
452,20130226,1.6939295028559476
453,20130227,2.029198123717568
454,20130228,2.1253488080405494
455,20130301,1.179731205578725
456,20130304,2.4693364943604026
457,20130305,1.072993671207139
458,20130306,2.9959339748614213
459,20130307,2.455153684541768
460,20130308,2.03802718326669
461,20130311,2.5208300325586723
462,20130312,1.6267546194418099
463,20130313,2.950387718159242
464,20130314,4.295540717155321
465,20130315,2.4144341499812274
466,20130318,3.205769396515071
467,20130319,1.9324634986293334
468,20130320,1.4684554911078023
469,20130321,2.9103646803819054
470,20130322,4.992957161956491
471,20130325,5.7816851711867665
472,20130326,6.290936653364125
473,20130327,3.5797604083036294
474,20130328,2.2921557612639334
475,20130329,6.409209122854008
476,20130401,3.6116706951854063
477,20130402,2.899547163896336
478,20130403,5.003664375715236
479,20130408,2.872478999092433
480,20130409,4.408615359967686
481,20130410,4.160426106347296
482,20130411,4.967774550455155
483,20130412,4.698518310004678
484,20130415,2.308172679051527
485,20130416,2.002665778427028
486,20130417,2.9189469469162725
487,20130418,1.770078052728069
488,20130419,1.1482338049417804
489,20130422,3.713208605265917
490,20130423,1.3725117085524152
491,20130424,1.506125707986056
492,20130425,2.5688673136815745
493,20130426,4.0093695957350555
494,20130502,5.041087117481165
495,20130503,1.868724192755869
496,20130506,1.426404616171704
497,20130507,3.264067257282613
498,20130508,2.776617506450797
499,20130509,2.429178620009091
500,20130510,5.093140887687138
501,20130513,1.6122189094030712
502,20130514,1.663495178281032
503,20130515,1.6316248902458579
504,20130516,2.0069653721330143
505,20130517,0.6209039056149256
506,20130520,2.4157050985780697
507,20130521,3.335014235061822
508,20130522,1.3912860469945132
509,20130523,1.704462930418868
510,20130524,1.0521811195637298
511,20130527,2.703520429213413
512,20130528,1.4009878415038446
513,20130529,2.633664448319302
514,20130530,4.54796545953178
515,20130531,0.9932354188200723
516,20130603,3.3419994444877923
517,20130604,1.474210602778223
518,20130605,0.9891198081782231
519,20130606,1.2216562187770708
520,20130607,1.2879418660853692
521,20130613,1.2382695264698989
522,20130614,1.2852797556736086
523,20130617,2.1940083015683607
524,20130830,0.43959953967506404
525,20130902,4.72779960533952
526,20130903,2.6411209468912547
527,20130904,3.6195635356320257
528,20130905,1.4357395309653929
529,20130906,1.5528712861329084
530,20130909,4.0938640379757905
531,20130910,1.7684659090909216
532,20130911,2.4625043445149424
533,20130912,2.347541232551658
534,20130913,2.2821670955504114
535,20130916,4.131718369124279
536,20130917,1.8505549906217964
537,20130918,1.8812884685180493
538,20130923,1.8702637179645083
539,20130924,2.0900167791075663
540,20130925,2.8865856777364365
541,20130926,3.7719652538782267
542,20130927,7.201551836011865
543,20130930,3.123920099809989
544,20131008,0.8461134377255541
545,20131009,1.6739013663893572
546,20131010,1.1901310788885107
547,20131011,2.383552168324334
548,20131014,1.9157840766425542
549,20131015,2.4374202107787926
550,20131016,0.7543016741579011
551,20131017,1.583588844688436
552,20131018,4.821511278554269
553,20131021,0.8007037419768775
554,20131022,1.6864088001088038
555,20131023,1.7669990358338485
556,20131024,1.1570745791749644
557,20131025,1.507545383031749
558,20131028,5.048471725146177
559,20131029,1.4458120527733982
560,20131030,1.6975103930561142
561,20131031,11.371030702466285
562,20131101,2.160396497898529
563,20131104,2.0264537077884555
564,20131105,1.0542237115967084
565,20131106,1.8257883850672894
566,20131118,0.0
567,20131119,4.193296810146777
568,20131120,1.8131163307851332
569,20131121,2.3697068323975894
570,20131122,3.228377045903557
571,20131125,1.4922517469476497
572,20131126,1.0177563817584916
573,20131127,1.4269146974702476
574,20131128,1.790592495582747
575,20131129,2.143277670369009
576,20131202,1.8912225112271865
577,20131203,1.2776800749395234
578,20131204,1.6808422739593205
579,20131205,2.523783071996785
580,20131206,2.443425190206033
581,20131209,2.412011824694181
582,20131210,1.1778588149347795
583,20131211,2.4023521658428093
584,20131212,1.4268741271099694
585,20131213,0.801806257132041
586,20131216,1.5329182080650068
587,20131217,1.3060327835186716
588,20131218,0.8325565079412233
589,20131219,1.5249429563743855
590,20131220,0.842728619563821
591,20131223,2.3508392623225336
592,20131224,1.5577035183710266
593,20131225,0.7368723756745398
594,20131226,2.439277568986701
595,20131227,0.8229236023650587
596,20131230,3.5609535858712764
597,20131231,1.0537814902469065
598,20140102,0.7039862595390735
599,20140103,2.2662236788546806
600,20140106,1.4718650489843381
601,20140107,1.174242899512354
602,20140108,2.6317232333016665
603,20140109,0.9323001667033908
604,20140110,1.0599187903609102
605,20140113,0.9036646072263648
606,20140114,1.2115140482276754
607,20140115,0.6610797921680462
608,20140116,1.7347141815441252
609,20140117,1.7611751247611576
610,20140120,1.2841973739840788
611,20140121,0.8555828040905749
612,20140122,2.731275633945741
613,20140123,0.9739930281549006
614,20140124,1.2151413015481296
615,20140127,0.9292019484400528
616,20140128,1.0766749947462815
617,20140129,1.3603229665383543
618,20140130,3.511188004479135
619,20140207,1.0516869766636936
620,20140210,0.7181035333326573
621,20140211,1.149398038512798
622,20140212,0.7232811979820142
623,20140213,1.2923454752409833
624,20140214,0.6902784382312251
625,20140217,1.1487846917088096
626,20140218,1.084076343104583
627,20140219,1.4500544421608608
628,20140220,1.2870263869297611
629,20140221,1.09829699715631
630,20140224,1.1180660387255883
631,20140225,1.0245887557193685
632,20140226,0.6526778448642457
633,20140227,0.7561985791744945
634,20140228,0.983237451561603
635,20140303,1.19753955547319
636,20140304,0.889919193953823
637,20140305,1.4039335199133012
638,20140306,1.425308176443928
639,20140307,1.5581163011693677
640,20140310,0.8641288571388962
641,20140311,1.5117561856608979
642,20140312,0.916896217893755
643,20140313,0.6482271220637182
644,20140314,1.9265952529440253
645,20140317,2.408920016079318
646,20140318,1.6543033222915056
647,20140319,1.3338533451268142
648,20140320,0.5967763694907432
649,20140321,0.7731130179306065
650,20140324,5.690284412088696
651,20140325,2.188382740612578
652,20140326,0.6854327424203316
653,20140327,2.0453843001421586
654,20140328,1.0706578124075372
655,20140331,1.3414171301524165
656,20140401,0.431735914390101
657,20140402,0.715867373159274
658,20140403,1.0760135694379238
659,20140404,1.045309678075723
660,20140408,0.608141837005768
661,20140409,0.8830823692247594
662,20140410,0.5149494617012971
663,20140411,1.0874394030679273
664,20140414,1.039538092779152
665,20140415,0.9729727258685817
666,20140416,0.6611802376997995
667,20140417,4.07019942063042
668,20140418,2.4069516888910907
669,20140421,0.8781208491419205
670,20140422,0.5367197899191312
671,20140423,1.355069897050324
672,20140424,1.1082689452784318
673,20140425,1.7897963587319863
674,20140428,1.678461874830783
675,20140429,0.49459615118292566
676,20140430,0.6272034397964862
677,20140505,2.6275562522996037
678,20140506,0.9617974965049579
679,20140507,1.4256235455138426
680,20140508,1.517226912583449
681,20140509,1.3930727805868284
682,20140512,1.3300125269566812
683,20140513,2.170389292047644
684,20140514,1.8782476032810647
685,20140515,1.797297295156943
686,20140516,1.4942034696880153
687,20140519,1.599232563945218
688,20140520,2.4321410017306095
689,20140521,3.285242435571972
690,20140522,1.654578366870343
691,20140523,1.6902699097874692
692,20140526,2.894882774751489
693,20140527,1.8572204491959348
694,20140528,1.4668287527258272
695,20140529,1.3097628791651226
696,20140530,2.241502907411622
697,20140603,4.2556760801671265
698,20140604,1.371652103389007
699,20140605,1.181854375137108
700,20140606,2.132075482555099
701,20140609,1.65200033253553
702,20140610,0.9900847315620313
703,20140611,2.3240052152795156
704,20140612,2.0392093698664606
705,20140613,1.024332392784254
706,20140616,2.650796180497713
707,20140617,1.6408507400896548
708,20140618,1.6008403400983584
709,20140619,0.9536013551761444
710,20140620,1.1524817001087542
711,20140623,1.9598788093623176
712,20140624,1.9774972932499912
713,20140625,2.359913871146704
714,20140626,1.2698653371112611
715,20140627,2.3135849267853996
716,20140630,1.866496813983669
717,20140701,2.1942859675644466
718,20140702,1.7099215974800483
719,20140703,1.443836746883916
720,20140704,4.646523280869468
721,20140707,2.2084017356331382
722,20140708,2.776550492220578
723,20140709,1.244653156448086
724,20140710,2.7208230400892113
725,20140711,1.9087928311625817
726,20140714,1.4059835106344767
727,20140715,1.961690665778245
728,20140716,1.4213835311206755
729,20140717,1.9365660672947325
730,20140718,2.146614269255305
731,20140721,3.784873469212576
732,20140722,1.9389062454183232
733,20140723,0.9846589316040107
734,20140724,1.7221262137499138
735,20140725,2.137564166476204
736,20140728,1.5407894677872562
737,20140729,1.920495735795169
738,20140730,1.6547620993351453
739,20140731,1.4387869292382252
740,20140801,1.6765571667728776
741,20140804,3.15589952334673
742,20140805,1.4780403433329026
743,20140806,1.3693918827570384
744,20140807,1.166592668324022
745,20140808,2.220451381632676
746,20140811,0.6136424691419764
747,20140812,2.0518745041114377
748,20140813,2.5992552824153132
749,20140814,4.111656147489095
750,20140815,3.469349925636631
751,20140818,6.803333672896411
752,20140819,2.2130506450503824
753,20140820,5.094129575529762
754,20140821,1.4365218907863642
755,20140822,5.208301044611249
756,20140825,3.2312937777318296
757,20140826,2.351402241343534
758,20140827,3.8442535310786825
759,20140828,2.078119793415257
760,20140829,2.294347113111491
761,20140901,1.653097005386112
762,20140902,2.0300383491167193
763,20140903,1.323525995397804
764,20140904,1.0959068571723922
765,20140905,1.714842057650111
766,20140909,1.8642489202783787
767,20140910,1.30556280039218
768,20140911,1.1345152847526006
769,20140912,2.451352975546169
770,20140915,1.5477257806276163
771,20140916,1.6821181609203533
772,20140917,1.9414298955379163
773,20140918,1.4723478370421466
774,20140919,1.1333278142170087
775,20140922,5.233975051378376
776,20140923,0.8799126549366727
777,20140924,1.2419056274515534
778,20140925,2.302874603838141
779,20140926,3.0935092296912576
780,20140929,3.2855717557282538
781,20140930,0.9037318557438371
782,20141008,1.284871478819824
783,20141009,1.949839176591629
784,20141010,3.4132816894505127
785,20141013,1.66544225063591
786,20141014,1.1536842673032908
787,20141015,1.0867505079237436
788,20141016,1.532071126044408
789,20141017,0.9717574245802225
790,20141020,1.083336186253163
791,20141021,1.8164506142405035
792,20141022,2.4312247065028876
793,20141023,1.8637609134680702
794,20141024,3.3523894086454358
795,20141027,1.3422013300214828
796,20141028,1.020664948778105
797,20141029,1.890022067113783
798,20141030,2.9282562419577034
799,20141031,1.0999105843804393
800,20141103,1.8970718729400669
801,20141104,1.2725794632723777
802,20141105,0.8967431164043907
803,20141106,2.010404490637308
804,20141107,1.971983428713383
805,20141110,2.64573646603612
806,20141111,0.9884965457556065
807,20141112,1.3975933358823467
808,20141113,1.1685947730446766
809,20141114,2.150076724288109
810,20141117,1.1975977415435868
811,20141118,3.0565575842266566
812,20141119,0.7279041229815889
813,20141120,1.5498208289167037
814,20141121,1.6216496161017047
815,20141124,1.4765034108852637
816,20141125,0.6243824755576067
817,20141126,1.8893297811025502
818,20141127,3.4974234424011046
819,20141128,1.421596457829399
820,20141201,1.0771731025792375
821,20141202,1.1188371003215598
822,20141203,1.6062603234856
823,20141204,2.4251951615984093
824,20141205,0.8725104313149822
825,20141208,2.112579556127049
826,20141209,1.0375763932102329
827,20141210,1.0671800329116274
828,20141211,1.0280373065071529
829,20141212,2.3665730754600824
830,20141215,1.0495758470350913
831,20141216,1.2103224516747033
832,20141217,1.2859913659824522
833,20141218,6.324892998168499
834,20141219,1.783829438235057
835,20141222,1.3331090031486674
836,20141223,2.277214001793885
837,20141224,4.362461198887535
838,20141225,5.101115983287525
839,20141226,4.003386109091011
840,20141229,1.4649245503815556
841,20141230,4.420310249344644
842,20141231,3.367545422070046
843,20150105,4.097441744836624
844,20150106,3.4783927821063565
845,20150107,1.433726358812141
846,20150108,1.5743210966085328
847,20150109,0.7959302550906058
848,20150112,0.8855289965975622
849,20150113,1.0468872588013263
850,20150114,2.0957423554242327
851,20150115,1.1618727187231734
852,20150116,1.311657847435189
853,20150119,0.5994489281174439
854,20150120,0.6814010084578812
855,20150121,0.8668811077737582
856,20150122,1.1350013307539641
857,20150123,1.1277678726350533
858,20150126,1.6192141654020713
859,20150127,1.7545804400138358
860,20150128,2.100776938863486
861,20150129,1.799660600773571
862,20150130,1.4521826437998822
863,20150202,1.711547082842929
864,20150203,0.7145224214533922
865,20150204,2.467108123326683
866,20150205,1.0843928859651737
867,20150206,1.5591227854223992
868,20150209,1.4404093794133908
869,20150210,1.1140516250805201
870,20150211,0.8092458416188515
871,20150212,1.642618681881349
872,20150213,1.0594497717713973
873,20150216,1.0374457995156123
874,20150217,2.8472701432431546
875,20150225,1.2957655559493741
876,20150226,0.6822883619485434
877,20150227,0.8816909549436744
878,20150302,1.3843673781216785
879,20150303,1.8511142640767055
880,20150304,0.6855539426331209
881,20150305,2.6108888393460266
882,20150306,0.744001910860842
883,20150309,1.3036484401198032
884,20150310,1.1542664006970813
885,20150311,3.2401174090282145
886,20150312,1.6308717790663756
887,20150313,1.416191940272037
888,20150316,0.9304499897047647
889,20150317,1.4365202573969582
890,20150318,1.3256995504568998
891,20150319,2.497026248852876
892,20150320,2.932623250173497
893,20150323,2.7997941344118615
894,20150324,1.4596243591898628
895,20150325,0.9450711678242231
896,20150326,1.1494624544327925
897,20150327,3.0598721691348
898,20150330,2.406188394157348
899,20150331,1.039902667732242
900,20150401,1.972182973598504
901,20150402,1.8114784471144514
902,20150403,2.1339990716583968
903,20150407,1.9934471106524214
904,20150408,1.4611682252601648
905,20150409,1.0901214530700931
906,20150410,2.260126461639151
907,20150413,3.123811515936366
908,20150414,5.011561717283943
909,20150415,1.2101340543237518
910,20150416,1.7200386148994429
911,20150417,2.112975027847003
912,20150420,1.9504784965665078
913,20150421,1.0723001514806516
914,20150422,1.3393303032119082
915,20150423,3.12374840450045
916,20150424,1.1820326561747556
917,20150427,2.0955613954961576
918,20150428,0.8961580429970314
919,20150429,1.528744975220172
920,20150430,3.3951474839481466
921,20150504,3.2308033641476546
922,20150505,2.2091299648611336
923,20150506,0.9363381353873612
924,20150507,2.2989185754968853
925,20150508,1.955101757109833
926,20150511,1.34877071285017
927,20150512,3.783186662469034
928,20150513,1.7558467647332539
929,20150514,2.050263467759214
930,20150515,1.4719332726279366
931,20150518,1.2960683690673271
932,20150519,3.410623677478334
933,20150520,2.6242339927318983
934,20150521,1.8413683353453367
935,20150522,1.172469906406552
936,20150525,1.3274177013340787
937,20150526,1.4019845867378078
938,20150527,0.9930797062770307
939,20150528,0.6981971176569426
940,20150529,0.8632478185554315
941,20150601,0.6214993669213436
942,20150602,0.7790115461193392
943,20150603,1.920815262342039
944,20150604,1.0039742343043778
945,20150605,1.9586162935926137
946,20150608,2.0046344725471403
947,20150609,1.5124363856069316
948,20150610,1.7890895479090876
949,20151009,0.0
950,20151109,0.0
951,20151110,0.0
952,20151111,4.317768463079537
953,20151112,1.6798390364020275
954,20151113,1.615155646376009
955,20151116,1.0996602697990494
956,20151117,1.0423023220160237
957,20151130,0.7618745869972496
958,20151201,2.4362960467299386
959,20151202,1.3082042210298492
960,20151203,0.0
961,20151204,4.429838289209618
962,20151207,4.667756961042529
963,20151208,2.078467726759925
964,20151209,3.1082119004298763
965,20151210,3.5899395367777096
966,20151211,2.617323158790154
967,20151214,4.844106971950916
968,20151215,3.8253850426471487
969,20151216,3.4789870141676547
970,20151217,2.3261555143234585
971,20151218,3.6271079138938713
972,20151221,2.6686438292337593
973,20151222,2.6022739736553713
974,20151223,2.4114801797839056
975,20151224,2.4335784264292224
976,20151225,1.7566046085322684
977,20151228,1.2930044524310533
978,20151229,2.358942410089165
979,20151230,1.2627047429303357
980,20151231,1.5065801834822379
981,20160104,1.548416422578645
982,20160105,2.8451403581912276
983,20160106,1.5791092373024123
984,20160107,1.722652568869747
985,20160108,2.2109448589782255
986,20160111,1.5772575621633136
987,20160112,2.0758557321592157
988,20160113,1.832897088479589
989,20160114,1.583596508170054
990,20160115,0.8190968446553808
991,20160118,1.7023860794187655
992,20160119,1.6237963271038367
993,20160120,1.4832515172680738
994,20160121,1.3768089017072889
995,20160122,1.7970229448538348
996,20160125,2.654084224300072
997,20160126,1.8720822148207223
998,20160127,1.8883604703127435
999,20160128,2.3410640870419424
1000,20160129,1.3772103000852645
1001,20160201,1.7438939944807816
1002,20160202,1.3383256818766571
1003,20160203,2.1532818646449776
1004,20160204,3.6246949739406626
1005,20160205,2.3988113219753404
1006,20160215,1.6513071752576312
1007,20160216,0.954619354494689
1008,20160217,1.3767322855482513
1009,20160218,2.4081397752139306
1010,20160219,1.8451956060591312
1011,20160222,1.0933352952545854
1012,20160223,3.6454651689111053
1013,20160224,1.89330783167062
1014,20160225,1.7184553374549976
1015,20160226,1.3231070456392695
1016,20160229,1.6391196744959629
1017,20160301,1.9016137665211965
1018,20160302,1.6699923054425632
1019,20160303,2.3449555094823475
1020,20160304,1.7456194398616374
1021,20160307,1.6968903859718656
1022,20160308,1.5115916256674713
1023,20160309,1.441714198367348
1024,20160310,1.5711177574849855
1025,20160311,1.5571338114701434
1026,20160314,1.6128340409336204
1027,20160315,1.3787649560877608
1028,20160316,2.29894613296855
1029,20160317,1.309590920973112
1030,20160318,1.8427858196853526
1031,20160321,3.9476097138166883
1032,20160322,5.51447569168793
1033,20160323,3.0096113489703216
1034,20160324,1.6997322157846586
1035,20160325,1.843954669931387
1036,20160328,2.5293185291686644
1037,20160329,1.4233780165683545
1038,20160330,2.619196531444944
1039,20160331,2.136497099210164
1040,20160401,1.7260534297564625
1041,20160405,0.8104978738842291
1042,20160406,1.3943568215916862
1043,20160407,2.1229864067335975
1044,20160408,2.7038253336343288
1045,20160411,2.124728688700719
1046,20160412,1.13825691318281
1047,20160413,1.4097978518802687
1048,20160414,2.0207443156196816
1049,20160415,2.2581529715760653
1050,20160418,1.926866415796925
1051,20160419,6.226611078105331
1052,20160420,1.9897359909013879
1053,20160421,1.5742269159545124
1054,20160422,1.764465330061751
1055,20160425,1.2007104390279533
1056,20160426,2.3491743065862956
1057,20160427,2.992252430560899
1058,20160428,0.9879196973541923
1059,20161028,0.3534358019725942
1060,20161031,0.0
1061,20161101,3.192617669294387
1062,20161102,4.776490731323042
1063,20161103,2.680708881522646
1064,20161104,2.4605388701580932
1065,20161107,2.63625449951283
1066,20161108,2.5789484722120526
1067,20161109,0.9609477873173301
1068,20161110,1.5536658289796854
1069,20161111,1.7072691954795598
1070,20161114,4.315121445392014
1071,20161115,3.6517106176677174
1072,20161116,3.084979964283844
1073,20161117,1.8075725737406199
1074,20161118,4.581693598146953
1075,20161121,4.127832736679678
1076,20161122,5.1937642624764075
1077,20161123,1.1898159056472537
1078,20161124,3.661597273252322
1079,20161125,3.3064885404192315
1080,20161128,2.9012993574461454
1081,20161129,1.3710771528650596
1082,20161130,2.945718477323664
1083,20161201,3.8855092473426143
1084,20161202,1.1457121063234679
1085,20161215,1.4566739271009077
1086,20161216,2.2604953953090736
1087,20161219,2.3919626798621367
1088,20161220,3.2325080418100267
1089,20161221,2.7366647629821053
1090,20161222,6.200720471585323
1091,20161223,1.7291499578141056
1092,20161226,1.7832664668929044
1093,20161227,2.6172187254821133
1094,20161228,2.019808829533895
1095,20161229,0.7921146617577249
1096,20161230,1.466032275379569
1097,20170103,2.376273570724428
1098,20170104,0.6711947200320103
1099,20170105,0.8708365959347116
1100,20170106,4.435858879965035
1101,20170109,2.4679896344317065
1102,20170110,2.877586621784564
1103,20170111,2.2436447114543694
1104,20170112,2.094680455960218
1105,20170113,1.8833359894640942
1106,20170116,0.7452813628114132
1107,20170117,1.0613537491486962
1108,20170118,2.573330196088648
1109,20170119,3.8654788431080624
1110,20170120,1.0802330773687687
1111,20170123,1.1511375476621681
1112,20170124,1.8176526546798553
1113,20170125,2.007851113021046
1114,20170126,1.5964314822137273
1115,20170203,1.2621106966792446
1116,20170206,1.2805775416029987
1117,20170207,2.287572921436508
1118,20170208,0.9142458031642576
1119,20170209,0.8884239625131345
1120,20170210,4.191470067969049
1121,20170213,2.5752350478997568
1122,20170214,3.1060932604689384
1123,20170215,1.939302436078077
1124,20170216,4.035832125141684
1125,20170217,2.3315249620952723
1126,20170220,2.199103825496662
1127,20170221,1.6508649580920567
1128,20170222,1.4457979861788839
1129,20170223,2.7185936408340354
1130,20170224,1.5205750642460287
1131,20170227,1.8169635450764894
1132,20170228,4.876185649078143
1133,20170301,5.058689310830777
1134,20170302,4.836260742967288
1135,20170303,1.4503293797064192
1136,20170306,1.0910450663875177
1137,20170307,2.7972020582951855
1138,20170308,2.1897820028984074
1139,20170309,2.2238918698551777
1140,20170310,2.767065056144047
1141,20170313,0.8013717649025208
1142,20170314,3.446833803006731
1143,20170315,1.7537859601149013
1144,20170316,1.0531081955139432
1145,20170317,1.1237233214168618
1146,20170320,1.5939543421210025
1147,20170321,1.4128151788174357
1148,20170322,1.904420613304896
1149,20170323,0.7104469893487604
1150,20170324,3.807733905300936
1151,20170327,1.917338671385658
1152,20170328,2.998745651815272
1153,20170329,2.1066165380530593
1154,20170330,1.6203695264475908
1155,20170331,1.0821488495288387
1156,20170405,3.484571272217703
1157,20170406,2.275713099010989
1158,20170407,2.9143809950401365
1159,20170410,1.0011344819715517
1160,20170411,0.8908774572207324
1161,20170412,1.9455534193071073
1162,20170413,1.6059861354051062
1163,20170414,2.1576312679719636
1164,20170417,1.5276982222779425
1165,20170418,2.560071644785259
1166,20170419,1.93340624795564
1167,20170420,1.5822341186073998
1168,20170421,2.3962065940339317
1169,20170424,1.036177152452818
1170,20170425,1.7154373003726813
1171,20170426,4.209724462102798
1172,20170427,1.676777458132981
1173,20170428,1.7204184991115337
1174,20170502,2.8409807064712496
1175,20170503,2.307880434616584
1176,20170504,1.2989875906533246
1177,20170505,1.156373707222909
1178,20170508,2.2427283245183687
1179,20170509,2.7277275507973116
1180,20170510,1.3781243033492176
1181,20170511,1.6456895520858013
1182,20170512,4.357153498286128
1183,20170515,3.8108528046892385
1184,20170516,2.200029982556768
1185,20170518,4.508600455145653
1186,20170519,6.115499737982193
1187,20170522,1.391954684707776
1188,20170523,1.5265786858737718
1189,20170524,2.504072112178257
1190,20170525,0.9400590355061347
1191,20170526,2.668984843945736
1192,20170531,2.955928609802667
1193,20170601,2.740582048255258
1194,20170602,3.051653823154624
1195,20170605,4.718906803540312
1196,20170606,3.310195478419004
1197,20170607,1.6146345467980316
1198,20170608,3.4691788900868388
1199,20170609,4.875012594689984
1200,20170612,2.37026349319954
1201,20170613,3.3287794788155076
1202,20170614,6.681264212716525
1203,20170615,3.826128277438764
1204,20170616,2.5218330692494555
1205,20170619,2.2390107850722196
1206,20170620,3.0891104511861083
1207,20170621,1.9801644715653481
1208,20170622,1.2334772026781329
1209,20170623,2.2404401618527108
1210,20170626,1.6817372844913485
1211,20170627,2.68280628684029
1212,20170628,2.762998029063169
1213,20170629,6.124729648221312
1214,20170630,2.888498925529286
1215,20170703,1.722822322805252
1216,20170704,4.484765691581201
1217,20170705,3.713871603290119
1218,20170706,1.6939920475905659
1219,20170707,2.4224717953701145
1220,20170710,1.4209746631168108
1221,20170711,3.2615839893438796
1222,20170712,1.8618085140546219
1223,20170713,2.5372677985668886
1224,20170714,3.8897973557632817
1225,20180111,0.0
1226,20180112,15.601741234078682
1227,20180115,2.233757458700303
1228,20180116,3.535621376466883
1229,20180117,3.525485248478372
1230,20180118,4.463612995043232
1231,20180119,6.4537710867002005
1232,20180122,6.940919561544525
1233,20180123,6.823021746649393
1234,20180124,3.402226503234115
1235,20180125,10.74935725653554
1236,20180126,3.7152889019723268
1237,20180129,3.0041209423306
1238,20180130,3.3899644041713572
1239,20180131,3.6856044241033405
1240,20180201,2.979371792654716
1241,20180202,2.8381483062380135
1242,20180205,4.845445227417996
1243,20180206,1.631141335985456
1244,20180207,1.79164605838473
1245,20180208,2.8469260456404393
1246,20180209,1.805305317864675
1247,20180212,1.2641550414207336
1248,20180213,1.7381631316972506
1249,20180214,1.9585221208364765
1250,20180222,2.6736274392725212
1251,20180223,1.4019660818821755
1252,20180226,1.7251253405987785
1253,20180227,4.254488744684866
1254,20180228,1.2087867680266808
1255,20180301,3.88879831824046
1256,20180302,3.6662217096359306
1257,20180305,2.268942562434502
1258,20180306,2.5662364420603923
1259,20180307,2.939789797279621
1260,20180308,2.410435430850404
1261,20180309,2.0781204425889124
1262,20180312,7.0183073517374455
1263,20180313,2.310771744147521
1264,20180314,4.42474740650391
1265,20180315,1.2192663156955512
1266,20180316,2.440083064527086
1267,20180319,3.19850883866757
1268,20180320,1.4113611223248612
1269,20180321,2.945446080857512
1270,20180322,2.3778781857740765
1271,20180323,1.7559835745787884
1272,20180326,1.7002897205648444
1273,20180327,2.2808176291746753
1274,20180328,1.1150325265410415
1275,20180329,1.384026814164694
1276,20180330,2.2099022500187337
1277,20180402,8.801953272226099
1278,20180403,10.498666988216467
1279,20180404,4.698031002449087
1280,20180409,2.060163432629139
1281,20180410,2.2385030923209874
1282,20180411,1.795480956987515
1283,20180412,3.0116505136891
1284,20180413,2.73776413958129
1285,20180416,3.4931070906696213
1286,20180417,2.1976079516556104
1287,20180418,1.6834507480294234
1288,20180419,3.8126515054319823
1289,20180420,2.6525188933806376
1290,20180423,2.0272612861597437
1291,20180424,1.441865006918088
1292,20180425,4.026511828031858
1293,20180426,1.278651836705814
1294,20180427,2.1654120603758025
1295,20180502,2.24150177056423
1296,20180503,2.617821588086622
1297,20180504,2.758099721098561
1298,20180507,1.7790221682858385
1299,20180508,1.755821844251538
1300,20180509,2.9496160423928974
1301,20180510,4.0064850278247714
1302,20180511,3.9925907202221644
1303,20180514,2.5052718582468736
1304,20180515,1.4225181356841727
1305,20180516,4.523230616640215
1306,20180517,4.451101244092983
1307,20180518,1.6811765474851004
1308,20180521,0.9750047273677818
1309,20180522,1.6477009051685638
1310,20180523,2.5185965580506298
1311,20180524,3.7124159025990267
1312,20180525,1.6721068903945442
1313,20180528,2.836337497914739
1314,20180529,1.8127747990529843
1315,20180530,4.845104694487668
1316,20180531,2.7906079105663846
1317,20180601,0.8990112855331905
1318,20180604,1.3754450010107142
1319,20180605,1.3102047281502882
1320,20180606,1.1929632213554955
1321,20180607,2.698601988623584
1322,20180608,1.0061348652605058
1323,20180611,4.099266546479862
1324,20180612,3.0179630095680827
1325,20180613,4.883489253488221
1326,20180614,7.296627136829136
1327,20180615,2.6709447212788677
1328,20180619,1.9507411589218395
1329,20180620,3.9383260589921654
1330,20180621,1.5855448469046598
1331,20180622,2.042991966236675
1332,20180625,3.5403753256642334
1333,20180626,3.6780306936813836
1334,20180627,2.002019472941061
1335,20180628,5.534452591105662
1336,20180629,2.3321382057969657
1337,20180702,10.642777567447194
1338,20180703,4.054063015817521
1339,20180704,2.3616652261659334
1340,20180705,2.9606096850765136
1341,20180706,1.6491311944476315
1342,20180709,2.6758367803315815
1343,20180710,3.1181423907886363
1344,20180711,1.7263309415695087
1345,20180712,1.5061940704747454
1346,20180713,3.380277858876638
1347,20180716,5.04871201773555
1348,20180717,2.1712632840141275
1349,20180718,3.000439310170793
1350,20180719,2.489335700488637
1351,20180720,3.772368339397994
1352,20180723,1.6187135285402667
1353,20180724,1.65861043885038
1354,20180725,1.924386083603609
1355,20180726,5.640346136572569
1356,20180727,1.8971624873200823
1357,20180730,2.1342409089440024
1358,20180731,2.7857716713715925
1359,20180801,2.359315704975275
1360,20180802,2.28513694584811
1361,20180803,1.427455726405952
1362,20180806,1.3584880632992344
1363,20180807,0.9106215894023932
1364,20180808,2.9951441202431774
1365,20180809,1.3794622794887537
1366,20180810,1.276000698495915
1367,20180813,1.432302944361166
1368,20180814,2.1043374285349237
1369,20180815,1.1459973979463045
1370,20180816,2.9563099217116764
1371,20180817,1.7413312120761018
1372,20180820,1.911175725782125
1373,20180821,0.5902665801295289
1374,20180822,3.892244478325117
1375,20180823,2.3744026175594852
1376,20180824,3.8930924029868015
1377,20180827,1.2052237794626732
1378,20180828,4.498912791774389
1379,20180829,2.526139939575906
1380,20180830,2.2631796221963953
1381,20180831,1.7173485899625287
1382,20180903,3.2420376268959585
1383,20180904,4.387300943205387
1384,20180905,2.475778009581638
1385,20180906,5.970960207571542
1386,20180907,3.407319085953119
1387,20180910,1.9289570587120828
1388,20180911,1.7377390507288049
1389,20180912,2.34335053120647
1390,20180913,1.8674571384022307
1391,20180914,3.1311754188048933
1392,20180917,2.0951277366936227
1393,20180918,1.292453290763733
1394,20180919,2.166416733046653
1395,20180920,2.8583628574797553
1396,20180921,4.50576185853741
1397,20180925,2.7508654591744466
1398,20180926,3.0268658675415803
1399,20180927,1.7942041837200386
1400,20180928,1.7443603671262802
1401,20181008,1.2951344300753838
1402,20181009,1.5800173552425079
1403,20181010,1.1658810524712946
1404,20181011,1.9604699195980766
1405,20181012,1.9177318338771074
1406,20181015,2.4100627101064056
1407,20181016,1.2943142941444137
1408,20181017,1.4711537629230376
1409,20181018,3.4490704040282285
1410,20181019,2.802708279123097
1411,20181022,1.63658841249171
1412,20181023,2.478316033990225
1413,20181024,2.2118266170719534
1414,20181025,4.575440814570792
1415,20181026,3.0482541264363023
1416,20181029,3.396292377176036
1417,20181030,1.867156681702417
1418,20181031,2.788122148698149
1419,20181101,2.321746655034079
1420,20181102,2.93282218232838
1421,20181105,2.3664522823147744
1422,20181106,3.601112244689087
1423,20181107,1.6255605203180954
1424,20181108,3.823521335678777
1425,20181109,5.468708884862458
1426,20181112,2.011896382503866
1427,20181113,2.9826638777895123
1428,20181114,2.523317100563283
1429,20181115,2.157572515441959
1430,20181116,1.3611754846324409
1431,20181119,3.0740856355376933
1432,20181120,1.6132758983316073
1433,20181121,1.163510568648349
1434,20181122,2.8947321618105093
1435,20181123,2.180983876109162
1436,20181126,1.3661898369180607
1437,20181127,1.6072996323085222
1438,20181128,1.8250438266653222
1439,20181129,2.3537745145586344
1440,20181130,1.743203110759436
1441,20181203,3.2955458400163575
1442,20181204,2.5623644243479533
1443,20181205,1.1245447555384154
1444,20181206,1.5958614056994744
1445,20181207,3.795209841624361
1446,20181210,2.0240813977835264
1447,20181211,2.736896480264127
1448,20181212,1.7473595055446902
1449,20181213,1.7911471371291015
1450,20181214,1.7540311215349986
1451,20181217,1.9691243154396576
1452,20181218,1.196028459503908
1453,20181219,1.6486580737968735
1454,20181220,1.4338327981430228
1455,20181221,0.993292595576964
1456,20181224,1.7134548293176235
1457,20181225,1.4655404587590886
1458,20181226,1.5280294815069317
1459,20181227,1.7064961288637095
1460,20181228,3.1478239984619014
1461,20190102,8.884657265163968
1462,20190103,5.496774475429913
1463,20190104,2.5917581955569045
1464,20190107,1.7339855055474755
1465,20190108,2.11795582565536
1466,20190109,1.2012509689730437
1467,20190110,1.613655587250172
1468,20190111,1.5647752392570062
1469,20190114,6.527186466317075
1470,20190115,6.8107807757402465
1471,20190116,3.4175801938617116
1472,20190117,1.881873236729388
1473,20190118,1.4336140865946319
1474,20190121,2.660431105160308
1475,20190122,2.9324541654802494
1476,20190123,1.9024077915850262
1477,20190124,2.4781366606160398
1478,20190125,0.9238988652705197
1479,20190128,4.749645986538723
1480,20190129,3.3790524143114173
1481,20190130,4.671942220469509
1482,20190131,1.3734421514037973
1483,20190201,1.1420270413595126
1484,20190211,0.8920760601084262
1485,20190212,4.104474848251258
1486,20190213,5.635870769021839
1487,20190214,2.0725053742908175
1488,20190215,2.130605122033648
1489,20190218,2.072596553222223
1490,20190219,5.180755154660192
1491,20190220,7.512268625625493
1492,20190221,3.2796987420603614
1493,20190222,4.805579871035596
1494,20190225,2.855244611809276
1495,20190226,1.4000600827542542
1496,20190227,1.498752728215893
1497,20190228,2.5852801938434284
1498,20190301,3.188898767332995
1499,20190304,1.4652405837184657
1500,20190305,1.113554039331449
1501,20190306,1.3287485078173442
1502,20190307,2.9943690577074595
1503,20190308,2.6229857819788864
1504,20190311,1.445258194815544
1505,20190312,1.9722558842264664
1506,20190313,1.5260654678566528
1507,20190314,2.0483339276573735
1508,20190315,1.4286137401988233
1509,20190318,1.2066911503740916
1510,20190319,1.7610621739446866
1511,20190320,2.4355750402366554
1512,20190321,0.9880145670805145
1513,20190322,3.863481541797569
1514,20190325,2.236639682992359
1515,20190326,1.43628562309655
1516,20190327,1.8170764970233686
1517,20190328,1.4193956158501846
1518,20190329,1.3411669036057388
1519,20190401,1.8281971447229792
1520,20190402,3.394402896094918
1521,20190403,2.5431713326241856
1522,20190404,5.587424083430497
1523,20190408,3.4647276741734343
1524,20190409,2.128750233040917
1525,20190410,2.2677873750081115
1526,20190411,1.879097313764245
1527,20190412,5.1062422836703165
1528,20190415,4.1899573750140116
1529,20190416,0.8863159752144688
1530,20190417,1.115638349228702
1531,20190418,4.9093765141713614
1532,20190419,2.0241007139244274
1533,20190422,2.0847724217194186
1534,20190423,2.994531428473613
1535,20190424,1.3486518704121269
1536,20190426,0.0
1537,20190429,0.0
1538,20190430,4.362737028208335
1539,20190506,2.289759279928204
1540,20190507,1.6331358027317808
1541,20190508,1.5057182844210624
1542,20190509,3.9332432872765786
1543,20190510,1.5389337153451572
1544,20190513,4.039578116978563
1545,20190514,2.5305394910780232
1546,20190515,2.9365365011921436
1547,20190516,1.0944739331835731
1548,20190517,0.8633567860989951
1549,20190520,1.2018471579946257
1550,20190521,1.4303389056760867
1551,20190522,1.707197608342726
1552,20190523,1.6152338049461263
1553,20190524,1.9307618937048177
1554,20190527,0.4998910172761436
1555,20190528,1.2460224854777544
1556,20190529,2.249753783139942
1557,20190530,1.1487792150232838
1558,20190531,1.3654406186938408
1559,20190603,1.3576231221403385
1560,20190604,2.035476999861499
1561,20190605,3.9395426538159337
1562,20190606,0.8566894848114072
1563,20190610,2.5058339752416763
1564,20190611,1.3499272640385593
1565,20190612,2.2339807285040076
1566,20190613,2.9833096376270865
1567,20190614,1.2343359376105223
1568,20190617,3.1730265437116665
1569,20190618,3.1524637181902917
1570,20190619,2.9983939479998014
1571,20190620,0.9612237693668548
1572,20190621,2.6707129958918663
1573,20190624,2.3167681968136526
1574,20190625,1.0366329386549764
1575,20190626,1.7779575650564148
1576,20190627,1.6324918913314848
1577,20190628,0.9754578565635171
1578,20190701,1.2830855931559664
1579,20190702,0.9059883200142883
1580,20190703,2.153289375200099
1581,20190704,1.5927491488588
1582,20190705,2.8158899157833233
1583,20190708,1.3498458912912632
1584,20190709,1.4126007389989121
1585,20190710,3.2255745061767187
1586,20190711,1.1310989143773784
1587,20190712,1.1615969743987924
1588,20190715,0.9015672037396355
1589,20190716,2.953265998113386
1590,20190717,4.525053938749994
1591,20190718,3.2494119353895026
1592,20190719,2.255882047257108
1593,20190722,1.2421661481023683
1594,20190723,1.1067921766386755
1595,20190724,0.4680170350976522
1596,20190725,1.7432394223778778
1597,20190726,4.549835816926287
1598,20190729,1.1492735335850677
1599,20190730,1.0709223985668266
1600,20190731,6.519888437014768
1601,20190801,1.4019897010830624
1602,20190802,1.39269526017003
1603,20190805,1.0379086805146112
1604,20190806,1.4319846370261495
1605,20190807,2.0009994721051583
1606,20190808,1.62812497384881
1607,20190809,0.9103358076445901
1608,20190812,42.59995856494765
1609,20190813,37.219542569171544
1610,20190814,14.502778342096502
1611,20190815,19.916197993473265
1612,20190816,1.9642695501950558
1613,20190819,1.2627318397596718
1614,20190820,0.7728918853275587
1615,20190821,1.7218406872491514
1616,20190822,3.881211381384843
1617,20190823,3.5451839727983607
1618,20190826,1.2686631481946906
1619,20190827,1.181192802956705
1620,20190828,4.185705941186813
1621,20190829,2.773905634042484
1622,20190830,0.8394552553084761
1623,20190902,0.6500720899864881
1624,20190903,1.8475327296642066
1625,20190904,1.2614927934801292
1626,20190905,1.0860137275797497
1627,20190906,1.2762653965803756
1628,20190909,1.0440264754738608
1629,20190910,1.9874919978079604
1630,20190911,2.5578910160382042
1631,20190912,2.1930679676816163
1632,20190916,2.566122091512427
1633,20190917,0.8695655931990999
1634,20190918,1.4851842538750057
1635,20190919,1.3629791465366918
1636,20190920,1.6454915350044277
1637,20190923,2.9979155714188748
1638,20190924,2.1124971472729346
1639,20190925,1.706162741691022
1640,20190926,1.23804348299841
1641,20190927,1.3649906325537475
1642,20190930,2.437437563641425
1643,20191008,2.331315555555864
1644,20191009,1.1511943988990814
1645,20191010,0.7541475159126652
1646,20191011,2.204672503094564
1647,20191014,3.7780675073386853
1648,20191015,2.7718320201292395
1649,20191016,2.2569677506356274
1650,20191017,2.065425448129049
1651,20191018,1.4909011036931816
1652,20191021,2.11301041916191
1653,20191022,2.6218879869876415
1654,20191023,1.7157424379314625
1655,20191024,2.8756030615135035
1656,20191025,1.8203688464364356
1657,20191028,1.1470075332793286
1658,20191029,0.765589690537675
1659,20191030,0.9289364044520048
1660,20191031,1.8447042977489818
1661,20191101,1.434778439300313
1662,20191104,2.5846269413427576
1663,20191105,2.170242744195648
1664,20191106,1.486754501739302
1665,20191107,1.3195228910569374
1666,20191108,1.13990320908572
1667,20191111,1.2966226261774467
1668,20191112,1.4928853711613335
1669,20191113,2.9173106897680157
1670,20191114,1.1126488405229822
1671,20191115,3.8040827081957436
1672,20191118,3.363149751222676
1673,20191119,1.679625719794295
1674,20191120,1.0374705176973282
1675,20191121,1.445910149027333
1676,20191122,0.4010393567047946
1677,20191125,0.8486432778890278
1678,20191126,1.966575455586707
1679,20191127,1.2532660084614369
1680,20191128,1.0655662552409064
1681,20191129,0.7680328132775087
1682,20191202,1.2442162855081946
1683,20191203,1.5771214297103335
1684,20191204,0.6357999183060786
1685,20191205,1.5969380986370383
1686,20191206,3.171664123845609
1687,20191209,1.9619781153137734
1688,20191210,2.744651494533758
1689,20191211,5.407323759141103
1690,20191212,5.114665410194778
1691,20191213,4.580818913954013
1692,20191216,2.14442266403105
1693,20191217,3.234613093752446
1694,20191218,2.7890275621643053
1695,20191219,3.914524743283517
1696,20191220,1.5023419398727174
1697,20191223,1.117913963567638
1698,20191224,1.3392648770261857
1699,20191225,2.291311681791044
1700,20191226,2.7906773653147905
1701,20191227,1.4322094772015361
1702,20191230,1.5053492548973173
1703,20191231,1.5950265686900211
1704,20200102,0.8753626361396454
1705,20200103,1.276746508738161
1706,20200106,2.0774253875529896
1707,20200107,1.3965610102211374
1708,20200108,2.0960443519503
1709,20200109,2.3462085784518156
1710,20200110,0.9367843761826788
1711,20200113,2.273335947996804
1712,20200114,1.5246147801049488
1713,20200115,0.0
1714,20200116,0.0
1715,20200117,8.655405714232256
1716,20200120,3.0479638421465416
1717,20200121,5.644699783379677
1718,20200122,2.5082545558946214
1719,20200123,1.7121760205240397
1720,20200203,0.0
1721,20200204,1.3292086827363059
1722,20200205,1.3750087239646118
1723,20200206,0.5390799257679145
1724,20200207,0.6024827385587537
1725,20200210,1.545792324940736
1726,20200211,1.7660879872194473
1727,20200212,1.8567278372883662
1728,20200213,2.0796525305025524
1729,20200214,2.423300041799138
1730,20200217,0.7893169727832786
1731,20200218,2.28567865220498
1732,20200219,1.456439296309437
1733,20200220,1.3074634848547793
1734,20200221,1.6413174869611735
1735,20200224,2.4547043116442633
1736,20200225,1.9409864761131175
1737,20200226,1.042757410376747
1738,20200227,2.162604799297354
1739,20200228,1.9594531997663664
1740,20200302,1.7162810008154707
1741,20200303,2.3980291706546955
1742,20200304,4.231184169727894
1743,20200305,3.3512827028163494
1744,20200306,2.0820035280915272
1745,20200309,1.5001122353753809
1746,20200310,0.7542326341774405
1747,20200311,1.0891179889689468
1748,20200312,1.6847818129784424
1749,20200313,1.0075511933103856
1750,20200316,0.9892376250108927
1751,20200317,1.6999805505929437
1752,20200318,1.0034836455385316
1753,20200319,1.4135844471820842
1754,20200320,1.902027284849919
1755,20200323,0.9611028169014357
1756,20200324,1.4032146849979716
1757,20200325,2.4049899258704803
1758,20200326,1.8951379193676121
1759,20200327,2.5440425865680023
1760,20200330,1.7890148000396382
1761,20200331,2.040876273483953
1762,20200401,1.0899853333097478
1763,20200402,0.9178750970410514
1764,20200403,0.9492780061162474
1765,20200407,2.905348224986631
1766,20200408,0.9568118022589236
1767,20200409,1.5784502829189706
1768,20200410,1.3007886003067715
1769,20200413,3.7991015005611275
1770,20200414,1.5992372266974226
1771,20200415,3.965470651186752
1772,20200416,1.7146488822069217
1773,20200417,2.847610255988507
1774,20200420,4.1080882543518
1775,20200421,2.3976604817159806
1776,20200422,0.7078115943385682
1777,20200423,3.8070415669605473
1778,20200424,1.7096001821101963
1779,20200427,1.0503704576252433
1780,20200428,1.6087545974543052
1781,20200429,3.9287724640012702
1782,20200430,3.0847680185414488
1783,20200506,1.6921104554622197
1784,20200507,2.9446186156881895
1785,20200508,0.0
1786,20200511,6.231792632020498
1787,20200512,2.8743165817651106
1788,20200513,3.9020685654684133
1789,20200514,8.416242352197896
1790,20200515,3.957934016998883
1791,20200518,3.9413260550298603
1792,20200519,4.416885705401074
1793,20200520,1.6087374289703513
1794,20200521,1.8384397247109578
1795,20200522,1.442223610308217
1796,20200525,4.045542217962932
1797,20200526,2.137698946323401
1798,20200527,2.9855772629211117
1799,20200528,2.7121046772684707
1800,20200529,2.5454830127958368
1801,20200601,0.8307224148610689
1802,20200602,2.5524434835761247
1803,20200603,1.1994002073493564
1804,20200604,1.6623410884778376
1805,20200605,2.517152619288187
1806,20200609,12377.259192983294
1807,20200610,3337.9344210993077
1808,20200611,1206.4741223749047
1809,20200612,1.4994923722543503
1810,20200615,2.7815234406007163
1811,20200616,2.6156692253426197
1812,20200617,5.8012101528770375
1813,20200618,3.6642845893536102
1814,20200619,3.4121610460295577
1815,20200622,2.070500186959265
1816,20200623,1.8574857092591595
1817,20200624,1.4163545192096503
1818,20200629,1.7365407798021402
1819,20200630,0.8575172238333726
1820,20200701,3.2602481933074334
1821,20200702,2.7822427607656413
1822,20200703,3.130175153343955
1823,20200706,0.9593442180829919
1824,20200707,1.4140967690151016
1825,20200708,1.016365159855696
1826,20200709,0.611809195750743
1827,20200710,1.3724701190379716
1828,20200713,2.1526825656159656
1829,20200714,2.610173104871679
1830,20200715,1.438286302603767
1831,20200716,2.0453101857819798
1832,20200717,2.3833899649049775
1833,20200720,2.7466939873895537
1834,20200721,1.2817534462597533
1835,20200722,1.5668852248731973
1836,20200723,1.4180745820069947
1837,20200724,1.139044120889897
1838,20200727,2.978459205518027
1839,20200728,1.7160966020298603
1840,20200729,1.8252921446188437
1841,20200730,3.23219855350913
1842,20200731,1.3329388654848477
1843,20200803,1.5355228059545403
1844,20200804,3.6286926678101667
1845,20200805,1.8302877777141866
1846,20200806,1.9530011363928559
1847,20200807,1.4690899629525447
1848,20200810,1.2598831957673322
1849,20200811,2.1757907508277894
1850,20200812,1.7091497092525267
1851,20200813,2.0367990933679767
1852,20200814,1.4988820218549468
1853,20200817,1.0256756233811433
1854,20200818,0.9839221063972345
1855,20200819,1.8265555803685325
1856,20200820,1.7374846942291813
1857,20200821,2.5548147702463004
1858,20200824,0.6663556447179443
1859,20200825,2.3951739697765695
1860,20200826,1.9024883688223968
1861,20200827,2.5345848762704764
1862,20200828,2.5835598560302744
1863,20200831,3.033005536312751
1864,20200901,7.739060753462693
1865,20200902,3.883631549084055
1866,20200903,1.9723809361881635
1867,20200904,1.4884094597323076
1868,20200907,2.6543176829547988
1869,20200908,1.7565726125837553
1870,20200909,1.8992963382380414
1871,20200910,0.4748936816059402
1872,20200911,1.614414111174848
1873,20200914,3.201620511547383
1874,20200915,4.091407159997336
1875,20200916,4.768170842505372
1876,20200917,2.33535727438785
1877,20200918,3.0506674672465306
1878,20200921,3.1244812035027025
1879,20200922,1.6482904900018005
1880,20200923,1.843487466836448
1881,20200924,1.9200558082008816
1882,20200925,2.3422422835870753
1883,20200928,2.164684824973021
1884,20200929,2.1500115505673296
1885,20200930,1.6562117093723578
1886,20201009,2.1884684178108014
1887,20201012,1.7725479486675866
1888,20201013,1.889083319199922
1889,20201014,2.7381511660705917
1890,20201015,1.3099685145139748
1891,20201016,4.076453617262947
1892,20201019,4.40953646560398
1893,20201020,3.536140043876427
1894,20201021,2.924751860568065
1895,20201022,3.2315726338943125
1896,20201023,2.8767265731720495
1897,20201026,1.6589958753136336
1898,20201027,0.9391058952171581
1899,20201028,1.042185573739748
1900,20201029,1.384791705246364
1901,20201030,0.6617691033975839
1902,20201102,2.6997801661483742
1903,20201103,1.1279607586691405
1904,20201104,1.7385543199279578
1905,20201105,0.8124598630406703
1906,20201106,1.4010675890300412
1907,20201109,1.5007837575462624
1908,20201110,1.0242690720544287
1909,20201111,1.7072705092070934
1910,20201112,0.7770424948370079
1911,20201113,2.5343808209926943
1912,20201116,4.486640372282145
1913,20201117,3.191970555352991
1914,20201118,3.905109948617349
1915,20201119,1.9322319816291906
1916,20201120,3.8537265469864246
1917,20201123,3.131058846933666
1918,20201124,2.7022085409720558
1919,20201125,2.5163884785561215
1920,20201126,4.918543483939365
1921,20201127,3.2352147906278015
1922,20201130,2.3191126376308273
1923,20201201,3.265042761731726
1924,20201202,4.364038255730553
1925,20201203,4.133520716889902
1926,20201204,3.6828853290113526
1927,20201207,4.346709556297593
1928,20201208,3.598806409569295
1929,20201209,1.4991445905861367
1930,20201210,2.6672894184577927
1931,20201211,1.1899649889544894
1932,20201214,2.9714491439096378
1933,20201215,4.27097751507888
1934,20201216,5.053748563823939
1935,20201217,2.3863509897468
1936,20201218,4.252632491214728
1937,20201221,4.0840930873617785
1938,20201222,2.170854352126154
1939,20201223,2.7879309277105557
1940,20201224,2.8305804824547964
1941,20201225,1.8839424485575256
1942,20201228,3.4640421842123987
1943,20201229,2.6884010754839673
1944,20201230,2.1768494800517213
1945,20201231,1.6739530552832194
1946,20210104,1.8472033568472386
1947,20210105,1.8724719641583714
1948,20210106,1.69111565389629
1949,20210107,2.4564539021337226
1950,20210108,1.6711875848925322
1951,20210111,2.8709236240780376
1952,20210112,3.822756327077184
1953,20210113,2.4677571183591267
1954,20210114,3.289563023049394
1955,20210115,3.4744881096722895
1956,20210118,2.6120048988170677
1957,20210119,3.4952816723417355
1958,20210120,5.453223913747561
1959,20210204,4.245118885436336
1960,20210205,2.2839200856873214
1961,20210208,0.0
1962,20210209,2.1139443255743378
1963,20210210,5.25344729130111
1964,20210218,4.392698877845828
1965,20210219,1.244021205763133
1966,20210222,1.0054394803833655
1967,20210223,3.0403276188408976
1968,20210224,1.5095735811889628
1969,20210225,1.0004233336831325
1970,20210226,2.013176206760008
1971,20210301,2.9478253567339077
1972,20210302,2.9724920137061552
1973,20210303,2.5060691257421555
1974,20210304,3.791015232017662
1975,20210305,1.453062513187234
1976,20210308,2.2932886145636635
1977,20210309,1.2554467034734675
1978,20210310,1.7685880228988133
1979,20210311,1.6180339896750735
1980,20210312,3.1351288336588223
1981,20210315,1.3067148270530669
1982,20210316,1.2763078568876431
1983,20210317,2.219288847459493
1984,20210318,4.637902763097867
1985,20210319,2.468569255264463
1986,20210322,2.5109216669448142
1987,20210323,2.829196248830946
1988,20210324,4.806761222577804
1989,20210325,3.9343658546020692
1990,20210326,6.063370731335661
1991,20210329,5.4496080127708995
1992,20210330,5.60331621658798
1993,20210331,4.909857471094475
1994,20210401,0.0
1995,20210402,4.716656438267993
1996,20210406,4.176234759428833
1997,20210407,5.848268346664748
1998,20210408,3.226461476410878
1999,20210409,6.487948433938889
2000,20210412,2.8976484246766754
2001,20210413,5.536660289061153
2002,20210414,3.168967865817037
2003,20210415,13.82468914066924
2004,20210416,4.484667389204262
2005,20210419,4.4753099432396075
2006,20210420,5.276112364087997
2007,20210421,2.8951343605194744
2008,20210422,8.776549953624828
2009,20210423,6.948667787418867
2010,20210426,3.6446592077003253
2011,20210428,17.555042537146793
2012,20210429,8.084347626628155
2013,20210430,5.466655069642463
2014,20210506,4.637337365526431
2015,20210507,5.922638549054632
2016,20210510,4.064829434901768
2017,20210511,2.8533853794628494
2018,20210512,4.581571419240211
2019,20210513,7.662666284383486
2020,20210514,1.8628076763796935
2021,20210517,13.911734059605621
2022,20210518,5.763219489686507
2023,20210519,25.95876760798844
2024,20210520,8.145440656996055
2025,20210521,7.52615017830099
2026,20210524,5.999980377376174
2027,20210525,3.7168969560213796
2028,20210526,6.509724049988319
2029,20210527,3.3777573753094905
2030,20210528,4.26632631521308
2031,20210531,7.369144809513353
2032,20210601,3.906968056206214
2033,20210602,3.8486399834432814
2034,20210603,4.427947479260896
2035,20210604,13.079799160373717
2036,20210607,8.049461891705906
2037,20210608,3.8386860685992406
2038,20210609,6.252596781511017
2039,20210610,8.203462899727818
2040,20210611,5.407079557014891
2041,20210615,3.372031515270605
2042,20210616,5.748708910192271
2043,20210617,6.543530447718133
2044,20210618,5.217418406181486
2045,20210621,3.5949517496987498
2046,20210622,4.102174484772983
2047,20210623,5.3120229165665025
2048,20210624,4.4844876383820225
2049,20210625,6.77986270366733
2050,20210628,11.443548420270314
2051,20210629,4.051777338629068
2052,20210630,4.041321893000384
2053,20210701,1.907447932756089
2054,20210702,5.26839310455255
2055,20210705,3.8427046414384782
2056,20210706,2.895764595668345
2057,20210707,4.637101320562854
2058,20210708,3.6928725811175145
2059,20210709,2.7115893503100104
2060,20210712,4.676798922844332
2061,20210713,11.218334449578165
2062,20210714,11.808284889746545
2063,20210715,3.4922002716921123
2064,20210716,5.027187320790045
2065,20210719,5.331995659852494
2066,20210720,2.311866224580027
2067,20210721,3.325907830599119
2068,20210722,3.5901816284847365
2069,20210723,2.971774750317294
2070,20210726,2.7787353027572963
2071,20210727,2.2147168530974795
2072,20210728,1.833762703612521
2073,20210729,1.9381087461369209
2074,20210730,1.5363330033618372
2075,20210802,1.0660687607139403
2076,20210803,2.0973405181171367
2077,20210804,1.6403162618381415
2078,20210805,3.0703538282098233
2079,20210806,3.4794375169936345
2080,20210809,3.6711599995435007
2081,20210810,1.7664981538637878
2082,20210811,3.6636243109065556
2083,20210812,2.04479750072163
2084,20210813,1.3153177881835632
2085,20210816,3.4161355586109297
2086,20210817,2.758548820056962
2087,20210818,1.3882068733481827
2088,20210819,6.366344020205175
2089,20210820,3.014254077841559
2090,20210823,1.4164583146681775
2091,20210824,3.5310267802914437
2092,20210825,1.9108102598798231
2093,20210826,4.017638277685754
2094,20210827,4.261566408888881
2095,20210830,5.808405181644347
2096,20210831,2.757812124782645
2097,20210901,1.8457442798916222
2098,20210902,2.5929913933537114
2099,20210903,1.698393249331253
2100,20210906,1.6491129061946916
2101,20210907,2.40321957317834
2102,20210908,1.9797634300149967
2103,20210909,3.0513192842169454
2104,20210910,2.9194089245064427
2105,20210913,2.56805648638756
2106,20210914,3.792137034012644
2107,20210915,7.622633191715808
2108,20210916,1.5271861275098697
2109,20210917,1.8787077917821362
2110,20210922,2.6059614040103587
2111,20210923,1.9660584365867744
2112,20210924,0.7400187016657338
2113,20210927,0.917204373799435
2114,20210928,3.9341885838392403
2115,20210929,3.5610765423483417
2116,20210930,5.046155961348511
2117,20211008,2.7159962222375196
2118,20211011,1.8177602894187772
2119,20211012,1.991418511171059
2120,20211013,2.0990037124149854
2121,20211014,4.678154432946203
2122,20211015,9.911548757139224
2123,20211018,6.188561716826212
2124,20211019,3.120606697367549
2125,20211020,3.6320333735161854
2126,20211021,3.1980577937985917
2127,20211022,7.545701492935062
2128,20211025,3.422375279879477
2129,20211026,2.2252430526465106
2130,20211027,2.5465223994780177
2131,20211028,3.2148553723098416
2132,20211029,1.516471836581593
2133,20211101,1.943488263948938
2134,20211102,2.379716577625084
2135,20211104,0.0
2136,20211105,0.0
2137,20211108,6.326838285407432
2138,20211109,5.076092371914792
2139,20211110,2.3266210581489837
2140,20211111,2.319161040937326
2141,20211112,2.081929468966894
2142,20211115,2.0057798249571985
2143,20211116,2.478954160906975
2144,20211117,1.2835790160788818
2145,20211118,2.907388517796417
2146,20211119,1.8086369114452485
2147,20211122,2.374569295821248
2148,20211123,5.877034135114154
2149,20211124,2.541121425563147
2150,20211125,2.5340251470008757
2151,20211126,2.501766905410733
2152,20211129,1.037176435998732
2153,20211130,1.075189201681653
2154,20211201,1.5775212764252837
2155,20211202,1.6658245428253455
2156,20211203,4.128372554720064
2157,20211206,2.7889108162275353
2158,20211207,2.992607835728064
2159,20211208,3.2723400570096914
2160,20211209,11.649429208546586
2161,20211210,7.8943615036783195
2162,20211213,7.935249723484423
2163,20211214,2.4883977706761535
2164,20211215,3.3760875549499265
2165,20211216,6.301821685317011
2166,20211217,4.492752439577347
2167,20211220,4.858639891817537
2168,20211221,2.6294369985116783
2169,20211222,4.102603340084236
2170,20211223,4.693315278695002
2171,20211224,5.686220667452324
2172,20211227,3.568449483005212
2173,20211228,2.8907429591690637
2174,20211229,6.379153098447151
2175,20211230,2.3045858432278186
2176,20211231,2.4934813985043136
2177,20220104,3157.053908502186
2178,20220105,1234.588209531234
2179,20220106,3022.593362541115
2180,20220107,1253.3557943846376
2181,20220110,2.8912719642945617
2182,20220111,3.548691249429223
2183,20220112,1.342851161747286
2184,20220113,2.2358478642244517
2185,20220114,2.1919713801670517
2186,20220117,1.2928347957461068
2187,20220118,1.8546490489318497
2188,20220119,2.4795389326870114
2189,20220120,2.089869089598816
2190,20220121,1.2577919008566292
2191,20220124,2.509076037920693
2192,20220125,1.7076163513354572
2193,20220126,2.0272058400392736
2194,20220127,1.4140172147576637
2195,20220128,2.27924815978319
2196,20220207,4.313155483167134
2197,20220208,2.126548176893965
2198,20220209,3.0489156555363404
2199,20220210,2.9246738302046063
2200,20220211,1.9164320136315791
2201,20220214,1.5650260982524948
2202,20220215,1.679388993349312
2203,20220216,2.6048810348389755
2204,20220217,1.6900596787987379
2205,20220218,1.967758206256982
2206,20220221,2.432052346854085
2207,20220222,2.024116225256766
2208,20220223,1.3560574091643138
2209,20220224,1.0781619428723137
2210,20220225,2.3592129403413473
2211,20220228,2.0958540779928443
2212,20220301,2.6512132736600815
2213,20220302,2.092762272164197
2214,20220303,1.5125188881103164
2215,20220304,1.5398474659285708
2216,20220307,1.2413703654251789
2217,20220308,1.2948753845913838
2218,20220309,1.4429886619082553
2219,20220310,2.1071529054748503
2220,20220311,1.3189618509797856
2221,20220314,1.5732582694477175
2222,20220315,2.043438980178436
2223,20220316,1.2371719737497893
2224,20220317,1.3005360379500095
2225,20220318,2.4093007040506613
2226,20220321,2.0107686513122918
2227,20220322,1.7020099238131392
2228,20220323,2.262334154100296
2229,20220324,3.283388838597307
2230,20220325,1.726556888203339
2231,20220328,2.0251065339534704
2232,20220329,1.7800869457183923
2233,20220330,1.5376884764170955
2234,20220331,2.0664214813222688
2235,20220401,1.642855743204668
2236,20220406,3.5022057486103253
2237,20220407,1.6672435358037005
2238,20220408,2.2480587149903664
2239,20220411,1.1888469137419193
2240,20220412,2.003470554173076
2241,20220413,1.425554464152357
2242,20220414,3.0452985620178796
2243,20220415,2.755227931178114
2244,20220418,1.7232320247158082
2245,20220419,1.8460251174743822
2246,20220420,2.49264061502434
2247,20220421,2.298415684606759
2248,20220422,1.6399461256009191
2249,20220425,2.42852918117467
2250,20220426,2.1179098189275987
2251,20220427,1.8576047188468736
2252,20220428,1.8216700026130073
2253,20220429,1.863001184793343
2254,20220505,1.7820210713708933
2255,20220506,1.4656343391333717
2256,20220509,2.7157623754236595
2257,20220510,2.13592583486773
2258,20220511,1.3923782253639907
2259,20220512,2.2793921642056447
2260,20220513,1.5029757781806836
2261,20220516,2.099510083217336
2262,20220517,6.251123578935336
2263,20220518,7.357449114755029
2264,20220519,5.382311222566051
2265,20220520,6.742255095784732
2266,20220523,3.916272017638225
2267,20220524,2.0345116417081752
2268,20220525,2.289856172087811
2269,20220526,2.397175237808392
2270,20220527,1.967217271276971
2271,20220530,2.186288956206824
2272,20220531,1.5352960505281361
2273,20220601,2.34238213248066
2274,20220602,2.446344934561506
2275,20220606,2.107648558427112
2276,20220607,3.6362393722394923
2277,20220608,2.5644343915492294
2278,20220609,2.6487082073680908
2279,20220610,1.479003302329711
2280,20220613,1.8467844697238363
2281,20220614,1.1457177657281727
2282,20220615,1.2201986367256579
2283,20220616,1.583729124613854
2284,20220617,2.1995867217685325
2285,20220620,1.6520175680784512
2286,20220621,1.5137435906051222
2287,20220622,1.3941556652728921
2288,20220623,1.867694850495419
2289,20220624,3.6208202513009766
2290,20220627,6.20329372650464
2291,20220628,5.916271181115386
2292,20220629,5.365760494038634
2293,20220630,15.348387275284162
2294,20220701,12.09315062409406
2295,20220704,5.656721357058871
2296,20220705,3.859209362103242
2297,20220706,7.62555815863991
2298,20220707,5.741925602187705
2299,20220708,6.023022959769213
2300,20220711,3.55331923411581
2301,20220712,2.9306040084038774
2302,20220713,2.5206890225456022
2303,20220714,2.4145549903741554
2304,20220715,2.0170722810483994
2305,20220718,3.097313753273124
2306,20220719,2.476225834847849
2307,20220720,4.996277218568026
2308,20220721,5.5192586836442885
2309,20220722,3.3606728863767463
2310,20220725,2.729354608846406
2311,20220726,3.9089173743080985
2312,20220727,2.427886941208839
2313,20220728,7.6386016416118085
2314,20220729,4.983304383825237
2315,20220801,2.36871056848815
2316,20220802,2.179332116793281
2317,20220803,2.1363962386363977
2318,20220804,2.4819883582419333
2319,20220805,1.6171281895490064
2320,20220808,1.2649392814102434
2321,20220809,3.037211265507829
2322,20220810,2.129236455670289
2323,20220811,5.74912091031535
2324,20220812,3.0345192739600844
2325,20220815,6.585230980227469
2326,20220816,8.171097143141203
2327,20220817,9.469552556626443
2328,20220818,6.992621573016267
2329,20220819,2.3653691133982218
2330,20220822,4.905993460081088
2331,20220823,10.696314853460198
2332,20220824,2.1629702121881267
2333,20220825,3.63189392616306
2334,20220826,2.103260514914885
2335,20220829,1.2967583259745865
2336,20220830,2.108656507996713
2337,20220831,1.8840187224954992
2338,20220901,2.743022764531135
2339,20220902,1.8998730125925272
2340,20220905,2.76885076082164
2341,20220906,1.9989012604285785
2342,20220907,2.129501565217528
2343,20220908,9.258200905120109
2344,20220909,8.64253052116994
2345,20220913,3.8347312640813334
2346,20220914,5.77786934357858
2347,20220915,3.229619869211383
2348,20220916,2.621624520906215
2349,20220919,2.855616071470582
2350,20220920,2.71109812829665
2351,20220921,3.45012591979338
2352,20220922,2.884440131384111
2353,20220923,2.335592010183567
2354,20220926,6.343741294542598
2355,20220927,2.749814101489401
2356,20220928,2.676331659725528
2357,20220929,2.3940462012716974
2358,20220930,5.7637082534622355
2359,20221010,2.521969790975004
2360,20221011,1.9702487561155035
2361,20221012,1.6866052993802463
2362,20221013,1.1778272747746599
2363,20221014,3.3555997626332577
2364,20221017,3.626115920175744
2365,20221018,6.271807762902419
2366,20221019,5.156420547801413
2367,20221020,1.649045165983058
2368,20221021,4.021040619968256
2369,20221024,1.9427669798087412
2370,20221025,1.576927268189181
2371,20221026,1.3584375657933307
2372,20221027,2.6666431289665917
2373,20221028,1.9634016051583232
2374,20221031,1.9106381392627771
2375,20221101,1.5488662988533717
2376,20221102,1.8221309361145144
2377,20221103,2.505878188129828
2378,20221104,3.104744819794108
2379,20221107,2.2740948839821784
2380,20221108,2.8301071625571095
2381,20221109,3.987209667776422
2382,20221110,3.2336172023980474
2383,20221111,2.8492100189482157
2384,20221114,2.1652411565953074
2385,20221115,1.767691871387141
2386,20221116,2.1944987426933995
2387,20221117,3.5980043075699526
2388,20221118,4.044864394996667
2389,20221121,2.366553720980475
2390,20221122,2.000474944331366
2391,20221123,1.9198866674581327
2392,20221124,2.7360890461658234
2393,20221125,2.3732283475116205
2394,20221128,2.3307255040301627
2395,20221129,1.481140350414464
2396,20221130,4.115780603835178
2397,20221201,1.9974213464597634
2398,20221202,8.491467648264761
2399,20221205,12.391569249262735
2400,20221206,5.358352859217315
2401,20221207,9.419279730614317
2402,20221208,5.027781874556424
2403,20221209,5.07731823387767
2404,20221212,6.799369340566797
2405,20221213,3.321399683761748
2406,20221214,3.5862024022927264
2407,20221215,3.4782032220659054
2408,20221216,2.873941958098031
2409,20221219,1.526667678718543
2410,20221220,3.7550524381219454
2411,20221221,1.6902014792632536
2412,20221222,1.311020252607571
2413,20221223,3.0136594780197075
2414,20221226,2.3619331587139376
2415,20221227,1.4655578387983677
2416,20221228,1.919865728911626
2417,20221229,2.0159537337109605
2418,20221230,2.492403500950212
2419,20230103,3.8623260492411875
2420,20230104,7.819932046879064
2421,20230105,4.532989820359051
2422,20230106,3.44094884776358
2423,20230109,4.389379938304136
2424,20230110,5.810162093249436
2425,20230111,7.514874001174201
2426,20230112,9.24720064657852
2427,20230113,6.234511470481981
2428,20230116,3.0243334467442793
2429,20230117,2.7399308530379964
2430,20230118,2.5237773823671854
2431,20230119,3.3810795224479646
2432,20230120,4.163175880439226
2433,20230130,5.369918414346579
2434,20230131,5.301883739124274
2435,20230201,1.454630401224803
2436,20230202,4.0774906356747325
2437,20230203,2.1684041388754176
2438,20230206,7.8123781806750925
2439,20230207,5.096167596396386
2440,20230208,5.303769780375944
2441,20230209,3.25612639735481
2442,20230210,8.219065324980559
2443,20230213,7.603881971449841
2444,20230214,4.542475178156223
2445,20230215,12.671174224231029
2446,20230216,3.0578811804814903
2447,20230217,3.0569127236562212
2448,20230220,1.7055989223247838
2449,20230221,2.582415277854808
2450,20230222,4.808467110041605
2451,20230223,3.1714673720336606
2452,20230224,3.4148181769233603
2453,20230227,4.284334459240931
2454,20230228,3.1866049910409506
2455,20230301,1.2741360238702295
2456,20230302,2.0148606858494547
2457,20230303,3.3737078068434467
2458,20230306,4.208940198394753
2459,20230307,2.013289403559792
2460,20230308,1.6676093245465575
2461,20230309,2.7638032499782335
2462,20230310,1.6499104997237777
2463,20230313,2.5425230004026464
2464,20230314,1.1109144552168457
2465,20230315,2.6443116919074225
2466,20230316,2.0878378505453257
2467,20230317,1.09742412327068
2468,20230320,1.4944065226612975
2469,20230321,1.5834477074912083
2470,20230322,2.9302343933428454
2471,20230323,2.7004783345044574
2472,20230324,5.588825514466951
2473,20230327,2.139342637337055
2474,20230328,3.8793497826187204
2475,20230329,2.0176744207419413
2476,20230330,1.5870281264855333
2477,20230331,1.4763490883936612
2478,20230403,3.43201238031831
2479,20230404,1.2370325717428376
2480,20230406,2.8068270053853785
2481,20230407,1.7272921965304464
2482,20230410,1.4880554387812395
2483,20230411,2.898546429116803
2484,20230412,2.138924601181373
2485,20230413,3.278846022460867
2486,20230414,2.894084490941407
2487,20230417,2.06139047298125
2488,20230418,2.496642923150007
2489,20230419,2.121052848372151
2490,20230420,2.4627136796367424
2491,20230421,1.693597680629929
2492,20230424,6.094952191579268
2493,20230425,1.761146193289732
2494,20230426,3.100643655100955
2495,20230428,0.0
2496,20230504,0.0
2497,20230505,0.0
2498,20230508,0.0
2499,20230509,0.0
2500,20230510,0.0
2501,20230511,0.0
2502,20230512,0.0
2503,20230515,0.0
2504,20230516,1.654708184919686
2505,20230517,0.0
2506,20230518,8.469939128727844
2507,20230519,4.291221269639091
2508,20230522,5.0545268389866
2509,20230523,5.14480476061605
2510,20230524,2.316822350143384
2511,20230525,4.5732440512256165
2512,20230526,3.606457453490666
2513,20230529,4.631228165219391
2514,20230530,4.636607183597169
2515,20230531,0.0
2516,20230601,2.093039746762771
2517,20230602,5.7483571355536345
2518,20230605,5.104120465386133
2519,20230606,3.6572901019333055
2520,20230607,4.0294085677005755
2521,20230608,3.2542039233714215
2522,20230609,8.997024155233373
2523,20230612,3.931327652101401
2524,20230613,7.217917909975566
2525,20230614,5.247071309687387
2526,20230615,6.126682807786933
2527,20230616,1.828599245988465
2528,20230619,3.591769805260429
2529,20230620,2.282062353546144
2530,20230621,3.800507192537089
2531,20230626,4.181786930892251
2532,20230627,2.606399949512201
2533,20230628,1.5272853726567728
2534,20230629,1.247411269085321
2535,20230630,1.272539278503452
2536,20230703,1.8479970528648337
2537,20230704,4.840932839479088
2538,20230705,3.4552981138644636
2539,20230706,3.9240887099266577
2540,20230707,2.3821780567737743
2541,20230710,4.335540050898542
2542,20230711,3.705366694396706
2543,20230712,4.818330682623142
2544,20230713,2.640500975138564
2545,20230714,4.459737074888898
2546,20230717,1.9838354485456904
2547,20230718,2.9256026483732382
2548,20230719,3.443586131683885
2549,20230720,1.907208543093031
