,date,rating
0,20130909,2.430833088255852
1,20130910,3.0790259721904647
2,20130911,0.9530041806369197
3,20130912,0.5513163037755584
4,20130913,0.38459637217896225
5,20130916,0.21518190373461787
6,20130917,1.0792815621177525
7,20130918,0.591236251294823
8,20130923,0.4955591525503951
9,20130924,0.4703315130590894
10,20130925,1.0277629862592053
11,20130926,0.8054250134451653
12,20130927,0.790311375188792
13,20130930,0.5201690235771047
14,20131008,0.39638566057162
15,20131009,0.761711275801714
16,20131010,0.6457560150261195
17,20131011,0.7979544657291627
18,20131014,0.7044436755738676
19,20131015,0.8249146798820485
20,20131016,0.49653869751692603
21,20131017,1.0341235614297142
22,20131018,0.6195472060915307
23,20131021,0.6937907155575879
24,20131022,0.7703791809447255
25,20131023,1.7066246703348813
26,20131024,0.7490646089413509
27,20131025,0.7644109799938665
28,20131028,0.5127997637587697
29,20131029,0.8192124495075321
30,20131030,0.5543403792791511
31,20131031,0.632979203329355
32,20131101,0.5708395845199739
33,20131104,0.8894265323672116
34,20131105,0.4670759323738475
35,20131106,0.5912460580697153
36,20131107,0.8443985803870879
37,20131108,1.070844729728659
38,20131111,0.7770504359134082
39,20131112,1.1355587395879134
40,20131113,0.5501301196335193
41,20131114,1.2566623250760482
42,20131115,0.4409285980952409
43,20131118,0.7387385415223284
44,20131119,1.0786220892789509
45,20131120,5.340522657974874
46,20131121,1.42326278474401
47,20131122,0.8736417217614357
48,20131125,1.1420890802119574
49,20131126,0.9595818455220895
50,20131127,1.6766923220125074
51,20131128,2.70910299078882
52,20131129,3.900829955575679
53,20131202,3.3384262585989353
54,20131203,3.685232157242733
55,20131204,2.72250259538537
56,20131205,3.2193698854901975
57,20131206,3.7041852033449962
58,20131209,1.9679043561289564
59,20131210,4.748424870888902
60,20131211,1.3873517923923484
61,20131212,0.8799239237382266
62,20131213,3.0328466728185663
63,20131216,1.1976337987333698
64,20131217,1.373284130223218
65,20131218,1.4794173678394071
66,20131219,1.463063677181687
67,20131220,1.2952327589394865
68,20131223,1.521556001288176
69,20131224,2.72999474830495
70,20131225,1.257780842473983
71,20131226,2.4051092565541983
72,20131227,2.1852238336899905
73,20131230,3.7150828123916226
74,20131231,2.870972207975519
75,20140102,1.2490371714234447
76,20140103,0.9605332220349283
77,20140106,2.3728672701798965
78,20140107,1.59912506414876
79,20140108,0.9440216156532186
80,20140109,0.918992973848358
81,20140110,0.7691090704536396
82,20140113,0.7663095567758808
83,20140114,1.1635753546463075
84,20140115,1.8950495226993171
85,20140116,1.3638787925861124
86,20140117,1.5175251792352409
87,20140120,1.9460625715295645
88,20140121,1.3044574516839136
89,20140122,1.8582928486764365
90,20140123,1.0191132410692398
91,20140124,0.4950423983121281
92,20140127,2.138609719971948
93,20140128,0.990859421910991
94,20140129,0.8644133512476645
95,20140130,1.5403399777318416
96,20140207,0.4912767288933937
97,20140210,1.8013573172090844
98,20140211,0.7067014039784033
99,20140212,4.470332884129442
100,20140213,1.0071802016217062
101,20140214,3.5586595044977236
102,20140217,1.4856428376857889
103,20140218,3.4629114754997086
104,20140219,3.1570739731902706
105,20140220,1.0402754429729952
106,20140221,2.7498970116795
107,20140224,1.6151438578411164
108,20140225,1.4734267524523517
109,20140226,0.9390005579947611
110,20140227,1.362078874405399
111,20140228,0.6344896931440838
112,20140303,2.7752160619060295
113,20140304,1.575167165091748
114,20140305,4.131999453643364
115,20140306,1.5091188964403963
116,20140307,1.112695038639995
117,20140310,0.8337595694827523
118,20140311,1.639367067419116
119,20140312,1.033665263747432
120,20140313,1.3714636633065018
121,20140314,0.6497828882454553
122,20140317,0.7006907923054235
123,20140318,1.173024743992536
124,20140319,4.879802156049317
125,20140320,0.7869191249537335
126,20140321,0.9577364694510367
127,20140324,0.8129163644635077
128,20140325,2.0358160352118504
129,20140326,1.1800191469393349
130,20140327,0.6548727660443223
131,20140328,1.965937460009264
132,20140331,1.587983007292785
133,20140401,2.083185596183895
134,20140402,1.2689788344112705
135,20140403,1.8636365282376763
136,20140404,0.9213211274236977
137,20140408,1.3839112013098227
138,20140409,2.079070704990801
139,20140410,1.1835780283719175
140,20140411,1.312535789073011
141,20140414,1.7890183750394257
142,20140415,1.956038431647029
143,20140416,1.5909301511374068
144,20140417,1.5229557894696708
145,20140418,0.9186295143948946
146,20140421,1.1129180213439174
147,20140422,1.2681823258520075
148,20140423,1.12319097265614
149,20140424,0.6907259483005085
150,20140425,1.3919012757294635
151,20140428,1.0509463104761114
152,20140429,1.2804484828259637
153,20140430,1.3211876171852943
154,20140505,0.635220128916543
155,20140506,0.7663946432471238
156,20140507,0.748346654709666
157,20140508,1.3338924617699213
158,20140509,1.122899528485234
159,20140512,0.8901111168124113
160,20140513,1.962478106791
161,20140514,1.7493345398023092
162,20140515,1.3767431235865513
163,20140516,1.1426803109863657
164,20140519,2.4282836716296874
165,20140520,0.9217817751125805
166,20140521,0.9235361313242778
167,20140522,4.304087132569616
168,20140523,2.4765698383311108
169,20140526,1.3244415664494609
170,20140527,1.249575370485355
171,20140528,0.980598783319342
172,20140529,2.220909264655432
173,20140530,1.7792462921282866
174,20140603,3.3313800723888014
175,20140604,1.0054959187870802
176,20140605,0.5017323016361662
177,20140606,1.0205164209994226
178,20140609,2.2435801708095777
179,20140610,2.258858386888972
180,20140611,3.599202577753024
181,20140612,3.5198524641419655
182,20140613,1.6243657534373916
183,20140616,3.357749157801662
184,20140617,2.338753375241421
185,20140618,1.5188871495482472
186,20140716,5.282788300217977
187,20140717,2.0748035033429084
188,20140718,2.6563607147817647
189,20140721,4.702741305772781
190,20140722,3.24033569526349
191,20140723,3.3183357972063416
192,20140724,3.442102720035256
193,20140725,1.825131089335433
194,20140728,1.639087722929447
195,20140729,2.163492743045117
196,20140730,2.248984588699265
197,20140731,1.6349259303114299
198,20140801,1.6419868343651283
199,20140804,1.1578268587003586
200,20140805,1.2380188219326613
201,20140806,1.378416361531516
202,20140807,0.8616303382589284
203,20140808,0.8071538108729164
204,20140811,1.502699665048157
205,20140812,4.755369023048866
206,20140813,1.2220653078043155
207,20140814,1.0575239995614378
208,20140815,2.608259437793101
209,20140818,1.6263519792147942
210,20140819,3.7864459574234433
211,20140820,3.221605050629248
212,20140821,2.8883686924620546
213,20140822,1.2673308809358796
214,20140825,6.257962046177648
215,20140826,1.363323528189704
216,20140827,1.7933162143316632
217,20140828,1.6565234147505337
218,20140829,1.322521665534298
219,20140901,1.1023082010732248
220,20140902,2.2980432123681203
221,20140903,4.14969466870247
222,20140904,2.6842453431095317
223,20140905,5.806348783853587
224,20140909,4.600153527031336
225,20140910,1.3418110509596195
226,20140911,2.194667008879224
227,20140912,3.438568033609888
228,20140915,5.686349601673999
229,20140916,1.500979165628554
230,20140917,3.199589788318105
231,20140918,5.627722336196194
232,20140919,4.156107030049372
233,20140922,1.567168465765941
234,20140923,1.7852570318333023
235,20140924,1.7876089454307658
236,20140925,6.653651943860202
237,20140926,3.953367664734242
238,20140929,5.321618148933223
239,20140930,3.4110201393653172
240,20141008,1.489324702432317
241,20141009,2.9796558101304775
242,20141010,4.6551204737160194
243,20141013,2.93424644698312
244,20141014,1.5317205371211726
245,20141015,1.6857580103706404
246,20141016,1.4768859392388856
247,20141017,2.9829338337686275
248,20141020,2.6054217895604888
249,20141021,2.406861250416982
250,20141022,2.117074305184728
251,20141023,1.1763471255417155
252,20141024,2.079270972190869
253,20141027,1.1587048580683945
254,20141028,1.7949089218496577
255,20141029,1.8468480102873377
256,20141030,2.2978037918928353
257,20141031,1.6494669656700407
258,20141103,2.6364410979550468
259,20141104,2.7720020799467804
260,20141105,1.8635407513672892
261,20141106,1.5299309275586097
262,20141107,0.632298013930591
263,20141110,1.2329444338841817
264,20141111,1.1775061440796504
265,20141112,1.860112444142973
266,20141113,1.0954386127069529
267,20141114,2.63951752597956
268,20150526,0.0
269,20150527,0.0
270,20150528,0.0
271,20150529,0.0
272,20150601,0.0
273,20150602,0.0
274,20150603,0.0
275,20150604,0.7066607962581033
276,20150605,2.3673678186645275
277,20150608,2.982249860908915
278,20150609,2.1103693665061614
279,20150610,1.1640007633520426
280,20150611,4.966559181138757
281,20150612,1.8672196781257795
282,20150615,3.3151351593024954
283,20150616,1.6872302980793676
284,20150617,1.0629414798255445
285,20150618,1.8756626220303918
286,20150619,2.564468119361474
287,20150623,2.431823748657523
288,20150624,3.260047334467285
289,20150625,2.0586558591644932
290,20150626,1.3694232065923329
291,20150629,1.0025928502291541
292,20150630,0.9834503820985491
293,20150701,1.3794534319687848
294,20150702,0.625909282273076
295,20150703,0.4147244146820792
296,20150706,0.9068282273821568
297,20150720,0.0
298,20150721,0.6663291642290834
299,20150722,1.7664111747072258
300,20150723,2.0964573539721005
301,20150724,1.3809901072111304
302,20150727,1.1921546437973487
303,20150728,0.9403853967514121
304,20150729,1.074332871869911
305,20150730,1.323603498195444
306,20150731,1.846055067031284
307,20150803,1.3968747962864894
308,20150804,1.136198726348682
309,20150805,1.361403874792923
310,20150806,1.2701429287444856
311,20150807,1.491699010812421
312,20150810,1.586893175685661
313,20150811,1.5541748046298842
314,20150812,1.7248588847270756
315,20150813,1.372589210877909
316,20150814,2.1143543773284414
317,20150817,1.0660609254992381
318,20150818,1.368134714288173
319,20150819,1.3602991010570715
320,20150820,1.994612634935029
321,20150821,1.92382826994247
322,20150824,0.9741387675725399
323,20150825,0.7288659661730844
324,20150826,1.1489672917028473
325,20150827,1.076527691762238
326,20150828,1.3205215815566358
327,20150831,1.441903859984508
328,20150901,1.6514063149867997
329,20150902,1.398458021866222
330,20150907,1.3089140271192212
331,20150908,1.272741965272038
332,20150909,2.4145922719919053
333,20150910,1.8323029073293746
334,20150911,2.6900533702859053
335,20150914,1.1192958831092163
336,20150915,1.123124461626842
337,20150916,1.063025801655862
338,20150917,1.8760559274374886
339,20150918,1.238263747121537
340,20150921,1.2042791766005412
341,20150922,1.5746692810379783
342,20150923,1.094841162704175
343,20150924,1.6881258730024207
344,20150925,1.1458732397580964
345,20150928,1.5894322480425511
346,20150929,1.81655201136148
347,20150930,1.2290563568174833
348,20151008,2.2820879313518354
349,20151009,1.8848151513935427
350,20151012,1.4015982707780388
351,20151013,1.4921809514724003
352,20151014,1.6344230380480456
353,20151015,0.7179057387895583
354,20151016,1.8397875409754125
355,20151019,3.1927675355234477
356,20151020,1.7192601276193615
357,20151021,1.2250672636760764
358,20151022,1.3584210911011292
359,20151023,1.3195636462753275
360,20151026,1.7299609268787683
361,20151027,1.2072997154843927
362,20151028,1.5569219051050645
363,20151029,2.3134626546287493
364,20151030,1.2978000552415216
365,20151102,2.9075786639911207
366,20151103,5.086706675844216
367,20151104,1.9858022812045226
368,20151105,2.1450431955924034
369,20151106,2.202326662922479
370,20151109,2.7978355374118045
371,20151110,4.429346044405146
372,20151111,1.1342778828390248
373,20151112,1.4602076675402937
374,20151113,1.3537678931809902
375,20151116,1.5552452862479487
376,20151117,2.365967257517519
377,20151118,3.6444501675354455
378,20151119,1.7281236864387686
379,20151120,2.3958652485213427
380,20151123,2.2083225143331684
381,20151124,1.2955778673884846
382,20151125,2.181157273890702
383,20151126,2.7202103587951574
384,20151127,1.294588306104134
385,20151130,1.9907962561586934
386,20151201,1.5122195969093748
387,20151202,1.1780615800428855
388,20151203,1.5906224140101322
389,20151204,1.5488909806947273
390,20151207,1.288303758034005
391,20151208,2.7720466915263513
392,20151209,3.3177482352677132
393,20151210,3.1332028235162683
394,20151211,2.009903255835309
395,20151214,1.4360920093489038
396,20151215,1.7170464504043412
397,20151216,2.361328674424906
398,20151217,4.43159453419789
399,20151218,4.204206831563694
400,20151221,4.03511486212825
401,20151222,2.8021241839096507
402,20151223,2.2872740429212253
403,20151224,1.2990757313374257
404,20151225,3.932048346202386
405,20151228,2.4559962769819363
406,20151229,2.4869539381463417
407,20151230,2.3665380242994245
408,20151231,1.5911873653525053
409,20160104,1.0592180736445056
410,20160105,1.388124769886893
411,20160106,1.3487567892763686
412,20160107,1.0178473677224518
413,20160108,1.4711256770755128
414,20160111,0.9170169762468944
415,20160112,1.9742279785077563
416,20160113,1.4510887427888326
417,20160114,1.5731465474099215
418,20160115,1.197152931441145
419,20160118,1.2527253527014923
420,20160119,1.6359106962481826
421,20160120,3.5017920793005834
422,20160121,1.6317244344415214
423,20160122,2.0732737804004664
424,20160125,1.6670194826568105
425,20160126,1.1952652587702828
426,20160127,1.5174365796646905
427,20160128,1.7437396389922617
428,20160129,1.3514739306126222
429,20160201,1.7520499662459799
430,20160202,1.768253290477306
431,20160203,1.7795280594002911
432,20160204,2.879300417801621
433,20160205,2.08518210023693
434,20160215,1.4280971822157706
435,20160216,0.9897476068803512
436,20160217,1.4863635883704678
437,20160218,1.717163263254668
438,20160219,1.984658316592174
439,20160222,2.4610569245748004
440,20160223,1.1431929363117814
441,20160224,2.0508456742974155
442,20160225,1.3747287718352947
443,20160226,1.5500678164190742
444,20160229,1.7760981942693357
445,20160301,2.154654110317658
446,20160302,1.1775405426248122
447,20160303,1.343574975478275
448,20160304,1.5923126019885636
449,20160307,1.518471424588726
450,20160308,2.4243131321772817
451,20160309,2.904336120551214
452,20160310,1.4288281181721636
453,20160311,2.7035681579836766
454,20160314,1.4944985755912015
455,20160315,1.9222988076713967
456,20160316,2.3681606015890124
457,20160317,1.4611794931582471
458,20160318,1.4497852882328963
459,20160321,1.385265929930905
460,20160322,2.6754992895520218
461,20160323,1.7579851224069405
462,20160324,1.8113986199943894
463,20160325,2.6288616726635072
464,20160328,1.8088536514732467
465,20160329,1.4994481241038613
466,20160330,2.8467443927309346
467,20160331,2.8799597806660473
468,20160401,2.329252747540542
469,20160405,1.4763278067970862
470,20160406,2.2825579088284402
471,20160407,1.8445615036571128
472,20160408,2.2425900717899894
473,20160411,1.2347849789355543
474,20160412,1.6542714690328355
475,20160413,1.148097279764953
476,20160414,1.2200862700837196
477,20160415,3.3345070813747415
478,20160418,1.5957792879435886
479,20160419,3.3239515930385974
480,20160420,1.225720117543716
481,20160421,1.9133032257902722
482,20160422,1.5194288572925587
483,20160425,2.3762213024300407
484,20160426,2.4158292830139665
485,20160427,2.3302914501757677
486,20160428,2.318607505468669
487,20160513,0.0
488,20160516,1.4626279711200731
489,20160517,1.9208506153826297
490,20160518,1.8842621792488419
491,20160519,1.235267906801709
492,20160520,1.161460249525622
493,20160523,1.2981308624943821
494,20160524,1.1850643396226503
495,20160525,1.5373103982428253
496,20160526,1.7419344486321606
497,20160527,1.8643596863359377
498,20160530,0.9912860827129679
499,20160531,1.2508267092646828
500,20160601,1.7281897665842731
501,20160602,1.0590482576199172
502,20160603,1.0660422498493947
503,20160606,2.1465586121184694
504,20160607,4.563698381094801
505,20160608,1.2774518544395375
506,20160613,1.4731514610210397
507,20160614,1.3645607411884566
508,20160615,0.9814157076022819
509,20160616,1.3032899490378351
510,20160617,1.9862767454607209
511,20160620,2.361104704223752
512,20160621,1.155530855345363
513,20160622,2.533988615037439
514,20160623,1.3975251915221552
515,20160624,1.0511311628430209
516,20160627,1.2662546980378775
517,20160628,1.1817304339415462
518,20160629,1.5311009231572563
519,20160630,2.754860806613981
520,20160701,1.8713772388533796
521,20160704,1.2252978140520143
522,20160705,1.6148744983901366
523,20160706,5.221020595767546
524,20160707,1.8394340045963549
525,20160708,1.611308909823534
526,20160711,1.3193962123396488
527,20160712,1.477470874808625
528,20160713,1.1722284432036272
529,20160714,1.423840514687983
530,20160715,1.8997951490641425
531,20160718,1.9549195523428085
532,20160719,2.0156341793254553
533,20160720,1.5162206691983207
534,20160721,2.365550096160514
535,20160722,2.362504351803286
536,20160725,1.661777798040755
537,20160726,0.99909963932301
538,20160727,1.4685354492685356
539,20160728,1.280647767120401
540,20160729,1.4148942597335972
541,20160801,2.256866132827942
542,20160802,2.134516778007066
543,20160803,1.3088440419085916
544,20160804,0.8840732420695405
545,20160805,1.525123508674338
546,20160808,1.4641152638040174
547,20160809,1.5357331711727524
548,20160810,1.7148666688370668
549,20160811,0.8934040291590295
550,20160812,0.7899451417139445
551,20160815,0.9742106864958071
552,20160816,1.5449835579881803
553,20160817,0.8626725139779114
554,20160818,1.3086484493294923
555,20160819,1.1450611016407635
556,20160822,1.630323370114667
557,20160823,1.776424204875206
558,20160824,1.0921945857576592
559,20160825,1.4450766698958808
560,20160826,1.0552541211918687
561,20160829,1.9746880626415835
562,20160830,0.8911166173340038
563,20160831,1.3190094424974705
564,20160901,2.7084490268186974
565,20160902,1.204633600643484
566,20160905,2.654002198011375
567,20160906,1.9472961247444087
568,20160907,1.2761183299846193
569,20160908,2.1464901938000853
570,20160909,3.4574481854462737
571,20160912,1.9116028981688544
572,20160913,1.3422328312602474
573,20160914,1.3766286395624787
574,20160919,2.4906242966712084
575,20160920,3.632336832127842
576,20160921,2.6902608189517596
577,20160922,2.797881200728096
578,20160923,1.2653321140487723
579,20160926,1.619508387548211
580,20160927,1.520504578081112
581,20160928,3.1209350292129803
582,20160929,2.4593198747894327
583,20160930,1.3412470670788441
584,20161010,1.2496063658625367
585,20161011,2.338176858384667
586,20161012,3.3547775416266896
587,20161013,2.872797935777493
588,20161014,2.4813271170148807
589,20161017,1.9051282649750707
590,20161018,0.8539990911781534
591,20161019,1.7662362652414665
592,20161020,0.8505986893571394
593,20161021,1.768198795891409
594,20161024,1.5572797683975743
595,20161025,3.3508459728601565
596,20161026,2.120359146092244
597,20161027,4.913716329393333
598,20161028,2.1465657237667717
599,20161031,5.399432716204638
600,20161101,1.4201390783899919
601,20161102,2.4102627910338787
602,20161103,0.9564410414428884
603,20161104,5.327993765077927
604,20161107,4.786861085415657
605,20161108,2.905868690214926
606,20161109,2.02112873175008
607,20161110,7.442891768207359
608,20161111,2.9421855566945965
609,20161114,1.726649674788444
610,20161115,3.6488819012430693
611,20161116,7.730120695505381
612,20161117,4.871542518103959
613,20161118,4.069596585978068
614,20161121,8.17948599089106
615,20161122,3.01684679673124
616,20161123,2.8114719387347202
617,20161124,6.290585705603909
618,20161125,2.039767685054467
619,20161128,3.829883828310936
620,20161129,2.91869067443153
621,20161130,2.9293389209484033
622,20161201,5.438814583006972
623,20161202,2.8053589601781717
624,20161205,4.606910419368956
625,20161206,2.658995833596264
626,20161207,1.4000035171533394
627,20161208,2.7694004686923015
628,20161209,2.4622813799810945
629,20161212,2.086979911561
630,20161213,2.541497650331956
631,20161214,2.0185831979507274
632,20161215,1.7493917215048616
633,20161216,1.4628124657484318
634,20161219,3.855286889001971
635,20161220,2.659884714737045
636,20161221,6.799837890022716
637,20161222,4.403172323785521
638,20161223,1.6392320534984435
639,20161226,1.9456126017848245
640,20161227,4.469849330736907
641,20161228,2.0351252592373004
642,20161229,1.9156251309840688
643,20161230,2.581405639231302
644,20170103,2.600262489566073
645,20170104,1.2191902723946166
646,20170105,3.0160152700602443
647,20170106,3.4884112953685653
648,20170109,2.3768956325059984
649,20170110,1.5493833962396752
650,20170111,1.9992706596181928
651,20170112,2.4369052057641296
652,20170113,0.8279121151026032
653,20170116,1.6002065016546654
654,20170117,1.445781197159087
655,20170118,1.7505896407620483
656,20170119,2.0977536129621326
657,20170120,1.9405977877098421
658,20170123,7.502554285105754
659,20170124,3.1194803052933886
660,20170125,3.493958412824108
661,20170126,2.4327612383744324
662,20170203,2.905166662709828
663,20170206,2.180582003827273
664,20170207,2.0925830126486376
665,20170208,1.2059268627311543
666,20170209,2.131955364998479
667,20170210,2.7620776192825054
668,20170213,9.404528484537941
669,20170214,3.656506319070275
670,20170215,1.9538825055273568
671,20170216,3.297633086686786
672,20170217,2.1077095837714195
673,20170220,2.257392951004748
674,20170221,1.2852931920928288
675,20170222,2.4448012534491443
676,20170223,1.9060036011748491
677,20170224,4.102173178290694
678,20170227,2.611263917588021
679,20170228,2.1520560630954306
680,20170301,1.5953046356054246
681,20170302,2.6299301812509004
682,20170303,7.062664674642219
683,20170926,3.6277449184928217
684,20170927,5.199293957313795
685,20170928,4.197315942909075
686,20170929,4.409404880240832
687,20171009,2.5315902606271017
688,20171010,2.115605542378045
689,20171011,2.9054969891191043
690,20171012,2.1188714455694657
691,20171013,2.200447736672756
692,20171016,3.0933658477908534
693,20171017,3.6346316365107127
694,20171018,1.1431308273045018
695,20171019,5.396669491371062
696,20171020,3.652037166757218
697,20171023,2.8592102280154514
698,20171024,2.0938349825218845
699,20171025,2.116159090883303
700,20171026,2.819454681942868
701,20171027,3.1885682638652955
702,20171030,1.7168411469165619
703,20171031,4.617191558800244
704,20171101,2.253291965278197
705,20171102,5.440237137961989
706,20171103,1.239676271484553
707,20171106,2.721599456713495
708,20171107,1.382985381487058
709,20171108,1.176641267610902
710,20171109,1.335500953438664
711,20171110,5.751244248633639
712,20171113,4.304025720774823
713,20171114,2.7182009270854137
714,20171115,4.237000251382232
715,20171116,4.882367289088302
716,20171117,1.4758188171990492
717,20171120,0.8668432444208823
718,20171121,4.613603771779542
719,20171122,2.7531804156275257
720,20171123,2.7325551870295675
721,20171124,3.074944182678287
722,20171127,2.092956808822991
723,20171128,1.1296511942750307
724,20171129,1.833633848489657
725,20171130,2.294133783297774
726,20171201,33.022588104804754
727,20171204,35.93304022471262
728,20171205,39.62159567852495
729,20171206,19.33827601511951
730,20171207,2.3941589107472154
731,20171208,2.5703209904199733
732,20171211,1.8827287278344906
733,20171212,2.1711820024240733
734,20171213,2.4295959065785113
735,20171214,3.5564181281304426
736,20171215,2.5913706776130057
737,20171218,1.2832076891732138
738,20171219,1.5110738661676626
739,20171220,1.6049234215598416
740,20171221,1.9114614663790803
741,20171222,3.2307810122183422
742,20171225,2.7706624768594215
743,20171226,1.6065923455585212
744,20171227,2.5140934555650554
745,20171228,0.9412720245255133
746,20171229,2.5032970012448343
747,20180102,1.9444605880788421
748,20180103,1.611994563074062
749,20180104,3.5657657704892554
750,20180105,5.769970023359236
751,20180108,3.0662219183791994
752,20180109,9.712895054937043
753,20180110,1.9235997719592797
754,20180111,1.0776199463678982
755,20180112,2.958368616052258
756,20180115,1.3944446663648888
757,20180116,6.848338806389076
758,20180117,2.7964606803684
759,20180118,2.7447402325140904
760,20180119,5.363224334722129
761,20180122,1.6352940808005996
762,20180123,3.6431602958292717
763,20180124,1.1625715351402366
764,20180125,1.7745042700372649
765,20180126,3.0646830149356066
766,20180129,1.499303302136155
767,20180130,6.995482639780249
768,20180131,3.933267747161204
769,20180201,2.0014822902212988
770,20180202,2.2764959689620854
771,20180205,3.1815815681690944
772,20180206,2.2394267620742445
773,20180207,2.3038050251926467
774,20180208,4.340368743844032
775,20180209,3.188028316111302
776,20180212,2.106351448288446
777,20180213,2.265035579928164
778,20180214,2.675609610674395
779,20180222,1.4734912554303354
780,20180223,1.9169208345560664
781,20180226,1.7789194109866822
782,20180227,2.727371709753636
783,20180228,2.4773602870022744
784,20180301,1.7014693293747774
785,20180302,1.890370305596823
786,20180305,2.7594427855981896
787,20180306,1.8803348914490254
788,20180307,3.7948629334419337
789,20180308,4.205010734619409
790,20180309,2.772452999828909
791,20180312,3.331277692115964
792,20180313,3.6812760623607
793,20180314,1.8739211550812114
794,20180315,2.775004845418692
795,20180316,1.902587434017882
796,20180319,2.2411978113268267
797,20180320,2.4401176778289386
798,20180321,5.674357434047445
799,20180322,2.257337031815272
800,20180323,1.4425254909227083
801,20180326,2.649574178614683
802,20180327,1.5819716128923291
803,20180328,4.6819842993237115
804,20180329,4.607162343875341
805,20180330,4.71519626936965
806,20180402,4.433037740573105
807,20180403,5.808968352689049
808,20180404,3.257591543966908
809,20180409,1.9230832861679967
810,20180410,3.7114062308900158
811,20180411,2.8081511755762874
812,20180412,4.42478693227121
813,20180413,2.485100270694484
814,20180416,2.725201391931774
815,20180417,1.9061066286359405
816,20180418,2.2168412005818023
817,20180419,2.2539581039033547
818,20180420,1.529474428484627
819,20180423,1.8940640714212138
820,20180424,1.025289863417545
821,20180425,0.8178810034058237
822,20180426,1.226666674865632
823,20180427,2.768737994776499
824,20180502,1.4842596078611894
825,20180503,4.283553396321469
826,20180504,5.198771333022048
827,20180507,2.9924743218014553
828,20180508,5.847424245589412
829,20180509,7.428057201512795
830,20180510,11.285398707234211
831,20180511,5.037377039666079
832,20180514,5.968991111639232
833,20180515,5.5498322348577
834,20180516,10.814047105546361
835,20180517,13.496804306215628
836,20180518,6.50596918767774
837,20180521,5.305935055072743
838,20180522,8.837639616526737
839,20180523,6.184317972176601
840,20180524,7.554894520580413
841,20180525,3.945202155163292
842,20180528,3.7972764928601586
843,20180529,4.83994184115385
844,20180530,2.3598292095047837
845,20180531,4.222918742174425
846,20180601,3.328278911281748
847,20180604,5.0242900378187425
848,20180605,2.4818205426729283
849,20180606,6.872378374811096
850,20180607,5.274262256427919
851,20180608,2.677716433017236
852,20180611,3.8975989719785016
853,20180612,2.713963210249591
854,20180613,3.3789998821060343
855,20180614,5.814058247623856
856,20180615,2.1698658071344727
857,20180619,1.5434462697109532
858,20180620,3.0810512655685383
859,20180621,2.191299389102586
860,20180622,1.7291554011084387
861,20180625,2.4936242412541603
862,20180626,1.8319056401544909
863,20180627,2.522234818019584
864,20180628,2.9756340040785325
865,20180629,2.3751582515368557
866,20180702,2.629961372704696
867,20180703,2.299283952471829
868,20180704,1.7756558399509321
869,20180705,1.6077463360922741
870,20180706,1.7500585321912616
871,20180709,2.2329026149045696
872,20180710,4.180499980426396
873,20180711,1.8206326904078396
874,20180712,1.47286353793873
875,20180713,7.086080401163421
876,20180716,3.821492663848242
877,20180717,8.851932394847195
878,20180718,2.837062431068161
879,20180719,2.457029302878999
880,20180720,2.987751917024164
881,20180723,3.292707809754456
882,20180724,1.462913530039893
883,20180725,3.46454989320097
884,20180726,2.1330588613577284
885,20180727,6.793309916873424
886,20180730,2.647099270340939
887,20180731,3.746201788793382
888,20180801,2.312676180635403
889,20180802,1.626344623126284
890,20180803,2.467276421511196
891,20180806,2.9606899763681156
892,20180807,1.9716287858294268
893,20180808,3.3105627085020046
894,20180809,1.82685919311434
895,20180810,2.282926421759415
896,20180813,4.2318356540744135
897,20180814,3.9075104671862646
898,20180815,1.6398601107764812
899,20180816,1.9039765226804946
900,20180817,1.6478133125877454
901,20180820,4.040719788601037
902,20180821,3.0773883863594524
903,20180822,3.9460266233531414
904,20180823,4.749274476601985
905,20180824,3.427361500689301
906,20180827,1.1318043958385846
907,20180828,3.915267211124809
908,20180829,6.742303826799592
909,20180830,1.9321564550170685
910,20180831,2.0533221857204524
911,20180903,2.6584310453579394
912,20180904,1.154745558161641
913,20180905,1.6032356186416032
914,20180906,2.2243942042304248
915,20180907,0.991592154136524
916,20180910,2.1065223339989605
917,20180911,1.9538924085969378
918,20180912,2.2046847679485917
919,20180913,2.56923584233514
920,20180914,1.003092452910303
921,20180917,2.4873159537790666
922,20180918,1.6239332368562072
923,20180919,0.9613550436933779
924,20180920,1.5620771565311335
925,20180921,2.5800160379296395
926,20180925,2.270500884621926
927,20180926,2.261445260977858
928,20180927,1.4076434935048705
929,20180928,1.8954702082683512
930,20181008,0.6988739395789634
931,20181009,4.130010786212056
932,20181010,1.184461525832126
933,20181011,1.9410802262354812
934,20181012,1.0988300115153977
935,20181015,2.3332242205337876
936,20181016,1.9077118037876286
937,20181017,1.3721007958145621
938,20181018,1.4873218655514684
939,20181019,1.134460940617579
940,20181022,1.0170767037767827
941,20181023,2.1055506620042514
942,20181024,1.265188261197536
943,20181025,0.7907633224669292
944,20181026,0.8269294430894788
945,20181029,1.7194160774189486
946,20181030,1.0882756889282668
947,20181031,1.165666196639532
948,20181101,1.0076242950190861
949,20181102,2.867058337910459
950,20181105,2.726783552707802
951,20181106,2.130453940709882
952,20181107,1.5124651070138677
953,20181108,1.2765669703477986
954,20181109,1.5204756811021665
955,20181112,1.1129626870965643
956,20181113,2.222805532236749
957,20181114,2.209689503811812
958,20181115,1.4416107090464654
959,20181116,3.166378887558331
960,20181119,2.3547790219766003
961,20181120,0.8325662870372378
962,20181121,1.1083829986269618
963,20181122,1.7406441398870354
964,20181123,0.861897453920909
965,20181126,2.575399380827993
966,20181127,2.310515961844132
967,20181128,0.7867085379209818
968,20181129,1.4994938205842172
969,20181130,1.1341378837400944
970,20181203,1.6786046678628253
971,20181204,1.06221343147772
972,20181205,1.0995121737797386
973,20181206,1.4497481742799396
974,20181207,0.9607532603503253
975,20181210,1.2372326107553435
976,20181211,1.453996925664037
977,20181212,2.0843074320149495
978,20181213,1.1476408748816478
979,20181214,2.0782072228486204
980,20181217,2.0526910480390965
981,20181218,2.1145070136553747
982,20181219,2.557903301616233
983,20181220,1.7310564271519502
984,20181221,1.891253902528633
985,20181224,2.48375950027252
986,20181225,1.2856042385824797
987,20181226,2.372162980620519
988,20181227,1.7687251492223166
989,20181228,2.115261198005583
990,20190102,2.8452709731017953
991,20190103,1.580358575237552
992,20190104,1.0561153466024107
993,20190107,1.926903527219341
994,20190108,1.5781317929640295
995,20190109,1.5063209861223337
996,20190110,1.2928443048210516
997,20190111,2.2749295529301525
998,20190114,2.0024474586261722
999,20190115,1.070183009723913
1000,20190116,2.9404630376675147
1001,20190117,2.782863537270505
1002,20190118,2.4896141348760628
1003,20190121,3.876167479478848
1004,20190122,1.5819582746361982
1005,20190123,1.4509317424779669
1006,20190124,2.951078837348835
1007,20190125,1.4179390762092223
1008,20190128,6.029269735749101
1009,20190129,2.8056392130776326
1010,20190130,2.1604826095531076
1011,20190131,1.0307229195470526
1012,20190201,1.8278932329587183
1013,20190211,1.182038586099538
1014,20190212,1.3440716910157626
1015,20190213,0.6670660327480898
1016,20190214,1.011550366495776
1017,20190215,1.6637851260075434
1018,20190218,1.836170919997305
1019,20190219,2.027892608366551
1020,20190220,1.6722908151552534
1021,20190221,0.9952105618000199
1022,20190222,1.4977146782999755
1023,20190225,1.3582838880068102
1024,20190226,1.0353042999565285
1025,20190227,0.9297891193220077
1026,20190228,3.311022519794969
1027,20190301,2.7255718412163605
1028,20190304,2.144412041340042
1029,20190305,1.2238195386788275
1030,20190306,1.3560735714721857
1031,20190307,2.067120952862968
1032,20190308,1.1963557574715566
1033,20190311,1.2286124271496306
1034,20190312,2.001488285478247
1035,20190313,1.6725380281946165
1036,20190314,2.648598922992003
1037,20190315,2.510921162384542
1038,20190318,1.5672786283607167
1039,20190319,1.582868770217893
1040,20190320,1.592730300334682
1041,20190321,0.7321387733541422
1042,20190322,1.730036967503361
1043,20190325,1.1013553942481666
1044,20190326,1.67547221427395
1045,20190327,1.1034637739192887
1046,20190328,1.4792246041132708
1047,20190329,1.2269908368409754
1048,20190401,2.583167532689467
1049,20190402,2.1318432111905556
1050,20190403,1.5707959520262964
1051,20190404,2.611480148377967
1052,20190408,2.6442284175566946
1053,20190409,1.8120538556607029
1054,20190410,1.4991101800057773
1055,20190411,1.7927559880471915
1056,20190412,2.4610626537855764
1057,20190415,1.7396623148990897
1058,20190416,2.038997808038221
1059,20190417,1.0849683035511883
1060,20190418,2.3984460916546624
1061,20190419,1.924065221581372
1062,20190422,1.2399296066221146
1063,20190423,2.2216566456940816
1064,20190424,1.161385520182811
1065,20190425,1.0177374063316573
1066,20190426,2.016371118988807
1067,20190429,2.1539373429780513
1068,20190430,1.9084183328685471
1069,20190506,1.559730235256416
1070,20190507,1.352356867750881
1071,20190508,1.5472650448121161
1072,20190509,2.9696610338368226
1073,20190510,1.2457164240421421
1074,20190513,1.5773099368636312
1075,20190514,1.7092292570266991
1076,20190515,1.748397284929837
1077,20190516,0.8156272875185673
1078,20190517,1.164036059198084
1079,20190520,1.1376557534371279
1080,20190521,1.0269974104094923
1081,20190522,5.608777660846792
1082,20190523,0.8142356230851426
1083,20190524,3.2218132007215208
1084,20190527,1.6466839322693885
1085,20190528,1.793247167475512
1086,20190529,3.400330478945492
1087,20190530,1.7590748191475942
1088,20190531,2.0944003864392386
1089,20190603,2.100824452710233
1090,20190604,1.284141561765484
1091,20190605,2.0676022582400746
1092,20190606,0.7589899270890851
1093,20190610,1.2525984865492594
1094,20190611,0.9243488308805334
1095,20190612,1.334876829241835
1096,20190613,0.9797377952366693
1097,20190614,1.0730972160410368
1098,20190617,1.1522383317465748
1099,20190618,1.6885545778391737
1100,20190619,1.2790453039645038
1101,20190625,0.0
1102,20190626,6.037228648439705
1103,20190627,5.699115083233075
1104,20190628,1.9841499750370217
1105,20190701,1.465343062160516
1106,20190702,2.3926032063121574
1107,20190703,2.077633418973962
1108,20190704,1.631451229152059
1109,20190705,2.521530842819571
1110,20190708,2.6081340284556394
1111,20190709,1.986925727069356
1112,20190710,1.2604619151883354
1113,20190711,1.2275578359189971
1114,20190712,1.8778694683020238
1115,20190715,1.2643266364502495
1116,20190716,2.0206869525364035
1117,20190717,2.081157256507786
1118,20190718,1.4549499856076953
1119,20190719,1.5713439655359023
1120,20190722,1.6346411912971743
1121,20190723,1.062917360097136
1122,20190724,1.9618322907633232
1123,20190725,3.009036767590218
1124,20190726,2.7451752217783
1125,20190729,2.00669974878554
1126,20190730,1.1124870790323742
1127,20190731,1.3598031997172897
1128,20190801,7.374665018243178
1129,20190802,2.375835634724506
1130,20190805,1.6497304287128252
1131,20190806,1.3297573329815857
1132,20190807,1.9237466301257262
1133,20190808,2.2282725767611598
1134,20190809,1.2319417194157434
1135,20190812,31.7293647734844
1136,20190813,34.60308797543681
1137,20190814,12.697645346148832
1138,20190815,10.175946818100957
1139,20190816,1.5911692572558673
1140,20190819,1.2333892978093757
1141,20190820,0.8466148179556429
1142,20190821,3.628970129331413
1143,20190822,1.531895625148742
1144,20190823,1.0803913103896075
1145,20190826,1.1035596227380708
1146,20190827,1.0252712468195124
1147,20190828,1.1697593782320874
1148,20190829,1.1737711605623171
1149,20190830,1.0446659604151658
1150,20190902,1.8905262757641499
1151,20190903,5.961310276621061
1152,20190904,1.6830541150955851
1153,20190905,1.4393060879472122
1154,20190906,1.5187222994847183
1155,20190909,2.7420392111599425
1156,20190910,2.69906433144269
1157,20190911,2.1447910574778444
1158,20190912,2.2954472849490024
1159,20190916,1.7340852084414402
1160,20190917,1.5444740107403607
1161,20190918,2.2461738179286015
1162,20190919,1.0578263363233014
1163,20190920,2.353069186632108
1164,20190923,3.962281229524597
1165,20190924,2.052668474205439
1166,20190925,1.7920498765066535
1167,20190926,1.5753728574814854
1168,20190927,1.8290736592840406
1169,20190930,1.071908777014603
1170,20191008,7.253342280278165
1171,20191009,6.009344757433812
1172,20191010,2.798300163894399
1173,20191011,2.6333311687351664
1174,20191014,7.630233558032803
1175,20191015,10.058084035572012
1176,20191016,9.159994320325547
1177,20191017,8.09154368185073
1178,20191018,8.371392546132416
1179,20191021,5.201328620002983
1180,20191022,6.0216932287881315
1181,20191023,9.108289755616763
1182,20191024,7.160417651397438
1183,20191025,2.797035491038246
1184,20191028,4.973631275871664
1185,20191029,4.415388416341516
1186,20191030,3.1593513474089403
1187,20191031,3.0982554935857407
1188,20191101,3.923192287133693
1189,20191104,3.2858557131066948
1190,20191105,1.9458902196718013
1191,20191107,5.170101316694384
1192,20191108,7.440653794069448
1193,20191111,5.984224987200614
1194,20191112,3.2456980263284447
1195,20191113,8.12516493135282
1196,20191114,2.1694431870222233
1197,20191115,3.1591231551975074
1198,20191118,3.7401327673825384
1199,20191119,1.8159106536723728
1200,20191120,3.811259767839706
1201,20191121,7.222159000087547
1202,20191122,3.1912241408630027
1203,20191125,3.0967341648418936
1204,20191126,5.075549004011244
1205,20191127,3.557906606776013
1206,20191128,3.049066368350527
1207,20191129,4.014223378778683
1208,20191202,5.261838701426037
1209,20191203,1.7804874934074693
1210,20191204,3.5464453448804623
1211,20191205,3.196559358721922
1212,20191206,3.1213170254615132
1213,20191209,4.859910447931212
1214,20191210,1.967976387858893
1215,20191211,3.027849400634906
1216,20191212,4.873842984975955
1217,20191213,9.292636337067918
1218,20191216,2.38093099355371
1219,20191217,2.0442882750246287
1220,20191218,2.2964936656295762
1221,20191219,1.971571975195103
1222,20191220,3.412450035677042
1223,20191223,1.3649377597576688
1224,20191224,1.7493995846529196
1225,20191225,4.161089268490845
1226,20191226,2.5360019343671625
1227,20191227,1.4767696040790033
1228,20191230,1.9817214794514475
1229,20191231,3.7456355321328254
1230,20200102,1.7061714563381543
1231,20200103,2.1959965938534167
1232,20200106,1.08644417381198
1233,20200107,2.643619002200211
1234,20200108,2.6367385613963554
1235,20200109,7.104668230077537
1236,20200110,1.8833095788655432
1237,20200113,2.3475553846350223
1238,20200114,3.6906357402534016
1239,20200115,7.55892087282832
1240,20200116,10.255131848084238
1241,20200117,2.941892469323256
1242,20200120,2.003452170242071
1243,20200121,3.449049349395199
1244,20200122,1.5392743793002217
1245,20200123,2.0707364305281444
1246,20200203,3.778888626801405
1247,20200204,1.061282126452543
1248,20200205,1.4514302253410973
1249,20200206,1.8073515270932121
1250,20200207,2.9057735677693572
1251,20200210,1.8195776659302638
1252,20200211,2.850593555725443
1253,20200212,1.0285231434812263
1254,20200213,2.9721196615691015
1255,20200214,1.775203875150901
1256,20200217,1.4225033209879747
1257,20200218,1.6614085488174766
1258,20200219,2.9710706948944163
1259,20200220,1.5869635992445905
1260,20200221,1.8367485356418214
1261,20200224,2.0732172954005974
1262,20200225,1.14537464960375
1263,20200226,3.849502491366033
1264,20200227,2.279524115188367
1265,20200228,4.783314112232424
1266,20200302,1.9751039076746546
1267,20200303,2.3901573749768197
1268,20200304,2.5389049465322646
1269,20200305,3.1659895923719112
1270,20200306,1.4465690308523613
1271,20200309,2.8227083015370087
1272,20200310,0.9968766648322479
1273,20200311,1.8465344290024077
1274,20200312,2.4856621290717777
1275,20200313,1.773540520346789
1276,20200316,1.4405108799296813
1277,20200317,1.6042767705168728
1278,20200318,1.5422914174687055
1279,20200319,1.557475465332634
1280,20200320,2.1873579476450193
1281,20200323,2.2914833922736224
1282,20200324,1.5964938632650867
1283,20200325,2.114351958523263
1284,20200326,8.369007677227351
1285,20200327,3.017632944432727
1286,20200330,3.292218924800357
1287,20200331,4.320986514950556
1288,20200401,4.42658817679706
1289,20200402,1.3251608300479367
1290,20200403,2.4318885083687647
1291,20200407,2.8879765485414537
1292,20200408,5.3632451320227235
1293,20200409,2.3737697014985044
1294,20200410,2.1723700669551618
1295,20200413,4.054832329564843
1296,20200414,2.0543111979090893
1297,20200415,2.547150363681826
1298,20200416,4.365315267161716
1299,20200417,2.536028059656895
1300,20200420,3.0630023101565307
1301,20200421,3.4044835613983717
1302,20200422,2.0538366394633876
1303,20200423,9.204638337970426
1304,20200424,2.6675740473152856
1305,20200427,3.455081319618332
1306,20200428,2.06375541697051
1307,20200429,2.870874510461015
1308,20200430,1.6033618936831298
1309,20200506,1.1486060165594238
1310,20200507,3.6377085278222894
1311,20200508,3.189207538720106
1312,20200511,3.2987373368340926
1313,20200512,2.848891392630692
1314,20200513,3.1596034114630704
1315,20200514,3.0512503296967948
1316,20200515,2.5477327107185292
1317,20200518,2.006080703704171
1318,20200519,2.3875730960762382
1319,20200520,3.4776405665439105
1320,20200521,3.7904001786642776
1321,20200522,4.027816921368558
1322,20200525,3.1519025582705846
1323,20200526,0.8536763323788343
1324,20200527,4.702041018381915
1325,20200528,1.8296847855030927
1326,20200529,2.6937430804290954
1327,20200601,1.0566306528921017
1328,20200602,1.9235247119598617
1329,20200603,2.026017250383961
1330,20200604,1.8913524646425077
1331,20200605,2.3748723970391885
1332,20200608,8.836217606428159
1333,20200609,11.472989517700139
1334,20200610,3.7043695867571236
1335,20200611,3.075039977193736
1336,20200612,1.4845628597330254
1337,20200615,3.5863956324323034
1338,20200616,1.6160738424468608
1339,20200617,4.3758417192803245
1340,20200618,5.374866883238663
1341,20200619,3.698687534829468
1342,20200622,3.6995559629608326
1343,20200623,3.555894143633932
1344,20200624,3.172711124308381
1345,20200629,3.348518655368495
1346,20200630,1.966936028517752
1347,20200701,7.335635767236584
1348,20200702,2.2087417117351604
1349,20200703,2.8725092778082377
1350,20200706,3.2466726877839256
1351,20200707,1.4168459601077779
1352,20200708,3.580940134607316
1353,20200709,1.45304706972799
1354,20200710,2.1175379529630907
1355,20200713,2.263505180702412
1356,20200714,2.117884255291279
1357,20200715,1.9365449307506686
1358,20200716,2.2236830940211774
1359,20200717,1.7940826421962086
1360,20200720,2.4466565447599944
1361,20200721,5.4100182901924
1362,20200722,2.8487063804132715
1363,20200723,1.5504611934739172
1364,20200724,2.4674916525594033
1365,20200727,4.339318050243857
1366,20200728,4.404063510485046
1367,20200729,2.529775102859799
1368,20200730,2.570325677673074
1369,20200731,2.312479137920638
1370,20200803,4.223611496791681
1371,20200804,4.719333587166979
1372,20200805,2.799166828351384
1373,20200806,2.709575996637767
1374,20200807,3.808516939558419
1375,20200810,3.1781750061030336
1376,20200811,1.5854772808220836
1377,20200812,2.2631124636872677
1378,20200813,5.138088261097414
1379,20200814,3.0666382419516287
1380,20200817,1.3777915782732024
1381,20200818,2.7741366999456183
1382,20200819,2.158252252585002
1383,20200820,2.3269577192143167
1384,20200821,4.073391467932933
1385,20200824,1.5526838962760927
1386,20200825,3.437407864080028
1387,20200826,2.219494431111192
1388,20200827,2.6613691948532296
1389,20200828,3.7238203380804817
1390,20200831,5.657997763579282
1391,20200901,3.4979040706095863
1392,20200902,1.928254165004512
1393,20200903,2.8681032294952815
1394,20200904,1.2072427924893734
1395,20200907,3.1103873407694724
1396,20200908,1.7575959982754334
1397,20200909,2.250926739789051
1398,20200910,0.7536892480225112
1399,20200911,1.9476371276686426
1400,20200914,2.2040668284313267
1401,20200915,1.965949051393235
1402,20200916,3.057481154438438
1403,20200917,1.9760630861081843
1404,20200918,3.295793766439053
1405,20200921,4.455492372316171
1406,20200922,2.6226685607752547
1407,20200923,1.5864765512843313
1408,20200924,1.5302123572080333
1409,20200925,1.2734564548933107
1410,20200928,2.1553176543909713
1411,20200929,2.778478601100729
1412,20200930,2.4987630319827345
1413,20201009,2.0514120881444513
1414,20201012,1.897772567001681
1415,20201013,1.8672026894200089
1416,20201014,2.9100958264488286
1417,20201015,3.0838174286843447
1418,20201016,2.1700156967118303
1419,20201019,2.774997155826279
1420,20201020,1.6791195062516664
1421,20201021,2.7957860939801167
1422,20201022,2.553785374786522
1423,20201023,3.264920805454405
1424,20201026,3.7468470715954365
1425,20201027,6.097937206435816
1426,20201028,1.2727753910842072
1427,20201029,4.621772388372072
1428,20201030,1.788757292338921
1429,20201102,2.78634971074613
1430,20201103,2.0816725970008676
1431,20201104,2.1294396522938874
1432,20201105,2.7806959212264437
1433,20201106,1.630066971737084
1434,20201109,3.037930771805214
1435,20201110,3.5105625549167208
1436,20201111,3.5398933422270513
1437,20201112,5.671433498340579
1438,20201113,3.8248858264352483
1439,20201116,4.605383679940243
1440,20201117,3.2615388534262832
1441,20201118,2.014511905577688
1442,20201119,3.203166208761435
1443,20201120,2.6765875935748453
1444,20201123,3.554516916160419
1445,20201124,2.816189261050613
1446,20201125,3.727615524279499
1447,20201126,3.702128900632063
1448,20201127,2.83054427659784
1449,20201130,2.8054666719063217
1450,20201201,4.0029298861917555
1451,20201202,4.560612080756936
1452,20201203,2.9333028167240274
1453,20201204,3.459371552732895
1454,20201207,2.6383283303908893
1455,20201208,3.8528217407602514
1456,20201209,2.7274050162066446
1457,20201210,2.9639874710207814
1458,20201211,2.6899137850046957
1459,20201214,2.5322588168167965
1460,20201215,3.426497797919947
1461,20201216,2.8430850603603637
1462,20201217,2.303765618109777
1463,20201218,5.396901138481894
1464,20201221,2.357974169921584
1465,20201222,3.212464821304378
1466,20201223,2.94527794611835
1467,20201224,2.1856462443121774
1468,20201225,1.6612027431312928
1469,20201228,3.394196508688305
1470,20201229,2.7156597855996596
1471,20201230,5.431742426629978
1472,20201231,2.7251883095901093
1473,20210104,2.3126695881409596
1474,20210105,2.88255552845352
1475,20210106,1.709458207481355
1476,20210107,3.264678932025359
1477,20210108,3.15558835094328
1478,20210111,3.1647469943597737
1479,20210112,2.8092450009251526
1480,20210113,2.1049776893314274
1481,20210114,2.277873574216204
1482,20210115,2.3608087437081635
1483,20210118,2.8736737458404265
1484,20210119,3.423893288378374
1485,20210120,3.1127438590762875
1486,20210121,2.784225793114396
1487,20210122,8.398473930784665
1488,20210125,3.0622204227172665
1489,20210126,12.377375644848453
1490,20210127,9.08261463111368
1491,20210128,5.069289925377998
1492,20210129,2.894851956697289
1493,20210201,2.8550965824217722
1494,20210202,6.2961915279528835
1495,20210203,5.413015179180468
1496,20210204,3.9693130159466596
1497,20210205,2.5955984461344768
1498,20210208,4.344866590253851
1499,20210209,2.0445764304032923
1500,20210210,4.286543276483124
1501,20210218,4.779909246286241
1502,20210219,5.504202497720686
1503,20210222,2.3170379160766243
1504,20210223,3.3023784240122085
1505,20210224,2.5855955207441865
1506,20210225,3.607304554027227
1507,20210226,2.481639211652922
1508,20210301,3.892067343980287
1509,20210302,3.1339251749817136
1510,20210303,1.2422608593654068
1511,20210304,9.411754032283167
1512,20210305,4.090803831751855
1513,20210308,2.8612046735186114
1514,20210309,4.196835899094933
1515,20210310,2.4765528342334373
1516,20210311,1.9409948863518702
1517,20210312,3.5473560554249817
1518,20210315,3.325229879403762
1519,20210316,8.43267868105012
1520,20210317,4.173890073501535
1521,20210318,3.7414066679206583
1522,20210319,2.4271026584510653
1523,20210322,3.8033332831689197
1524,20210323,3.1796607447333645
1525,20210324,2.522312749254743
1526,20210325,3.716714874427985
1527,20210326,3.485276148214413
1528,20210329,5.284062149198811
1529,20210330,3.7134704642865533
1530,20210331,4.409246171971266
1531,20210401,7.097494544585392
1532,20210402,3.400313819115017
1533,20210406,2.6314112864749255
1534,20210407,2.9571471157947378
1535,20210408,3.6576798157491677
1536,20210409,2.838051561172161
1537,20210412,3.5154095189241215
1538,20210413,5.582623045538822
1539,20210414,2.3062331479233995
1540,20210415,4.883187074285591
1541,20210416,3.7526598302207153
1542,20210419,2.1390243911530296
1543,20210420,2.9461847191624537
1544,20210421,4.777291632736559
1545,20210422,5.290636612256835
1546,20210423,2.3482848235201965
1547,20210426,1.3878777088446466
1548,20210427,2.004790253790346
1549,20210428,3.871241326487217
1550,20210429,3.8529660738410563
1551,20210430,4.885681222175975
1552,20210506,5.122251239957846
1553,20210507,2.345391647452799
1554,20210510,2.4558486780062645
1555,20210511,1.3423191571150568
1556,20210512,2.181596925039683
1557,20210513,1.4447897655947446
1558,20210514,2.091509646703469
1559,20210517,4.26663449270179
1560,20210518,1.8831354671889868
1561,20210519,3.8263142220215696
1562,20210520,1.5179191754316683
1563,20210521,1.902457961216487
1564,20210524,5.368418674303706
1565,20210525,3.656308935932045
1566,20210526,5.182057276440511
1567,20210527,2.9668491345464867
1568,20210528,2.8096091188064616
1569,20210531,1.3520280202851969
1570,20210601,11.183825796300178
1571,20210602,2.6643767547024284
1572,20210603,2.1463414421178415
1573,20210604,3.2573765153473047
1574,20210607,4.841087312770676
1575,20210608,2.330044685896688
1576,20210609,2.2373474933481154
1577,20210610,3.2851255041815812
1578,20210611,5.368624186885423
1579,20210615,3.8363662302170587
1580,20210616,2.532493060828749
1581,20210617,3.0249060523586815
1582,20210618,2.360564555648714
1583,20210621,2.315597991876596
1584,20210622,2.523739021527677
1585,20210623,6.16533545395942
1586,20210624,2.6790725033593645
1587,20210625,2.5926397916820374
1588,20210628,3.627620204101557
1589,20210629,3.3249894673576317
1590,20210630,3.1303077313306185
1591,20210701,2.9769119158447563
1592,20210702,5.81416638268493
1593,20210705,2.154525949408325
1594,20210706,2.302040429327629
1595,20210707,1.3802854534613689
1596,20210708,4.426392439489359
1597,20210709,1.3919529571948632
1598,20210712,1.2396890019390092
1599,20210713,2.7498793767120224
1600,20210714,3.6427705512458664
1601,20210715,2.0018508002650783
1602,20210716,2.7601223301251245
1603,20210719,3.2006026299315673
1604,20210720,1.6663425017880436
1605,20210721,3.4082299173878106
1606,20210722,2.403336983280737
1607,20210723,2.881225578163885
1608,20210726,2.295704288871024
1609,20210727,3.4437621222125743
1610,20210728,1.124681184303501
1611,20210729,1.913122819315801
1612,20210730,4.974281594982206
1613,20210802,3.444573503587173
1614,20210803,3.296267341360123
1615,20210804,5.71283387444564
1616,20210805,3.816184573322643
1617,20210806,4.601216481272107
1618,20210809,3.4444963883940933
1619,20210810,3.687506642150835
1620,20210811,3.9150398786390097
1621,20210812,3.39972364918738
1622,20210813,3.2293008706156052
1623,20210816,5.407755948591795
1624,20210817,1.6143353874250534
1625,20210818,1.7562671003576686
1626,20210819,11.473565368537763
1627,20210820,6.4724741656297216
1628,20210823,5.902116049235353
1629,20210824,11.234814094406342
1630,20210825,9.05890997610392
1631,20210826,6.242101739343563
1632,20210827,5.308433167565726
1633,20210830,5.44336178943984
1634,20210831,5.455818816869784
1635,20210901,2.3830615303049676
1636,20210902,2.2216943740807915
1637,20210903,1.6767886588281944
1638,20210906,2.0448582172639846
1639,20210907,1.7101267968655651
1640,20210908,3.580235978869901
1641,20210909,9.854214463638934
1642,20210910,1.9234136261622212
1643,20210913,2.7615332265143273
1644,20210914,1.439440643705042
1645,20210915,1.1854277322766473
1646,20210916,1.260160018406657
1647,20210917,1.4056297002032396
1648,20210922,1.0302537888438186
1649,20210923,1.1609534033772917
1650,20210924,1.0912562919550397
1651,20210927,1.5690960198196744
1652,20210928,1.5155458573767917
1653,20210929,1.770229606565301
1654,20210930,2.213757406529884
1655,20211008,3.159178543649547
1656,20211011,2.9668495601684626
1657,20211012,1.4711349887250935
1658,20211013,5.067379954135503
1659,20211014,9.4964159921527
1660,20211015,6.239214827185355
1661,20211018,4.628071547616919
1662,20211019,6.403702687149808
1663,20211020,2.8212814657033776
1664,20211021,3.6033230493660504
1665,20211022,3.2763853270063
1666,20211025,5.048480670607229
1667,20211026,3.339310689507857
1668,20211027,3.2729601161733424
1669,20211028,1.6436308702874771
1670,20211029,1.5770312509364275
1671,20211101,2.5792565532051532
1672,20211102,1.8094067831693086
1673,20211103,2.963537630994684
1674,20211104,1.8105760177783716
1675,20211105,2.2610254156562384
1676,20211108,2.2925340445308557
1677,20211109,3.943982541901886
1678,20211110,3.0827997393918443
1679,20211111,1.8691161919958195
1680,20211112,3.5573840141244597
1681,20211115,3.371290292018013
1682,20211116,1.952534796720767
1683,20211117,3.347985616889287
1684,20211118,2.9362511216788065
1685,20211119,1.2656066517818196
1686,20211122,1.6445020326859305
1687,20211123,1.569881800077979
1688,20211124,2.499093881618169
1689,20211125,7.195020190468945
1690,20211126,4.5112346544489235
1691,20211129,6.431946583723938
1692,20211130,4.27527476197461
1693,20211201,3.01463201689473
1694,20211202,7.792123566270863
1695,20211203,5.501734101864069
1696,20211206,3.0400444112589433
1697,20211207,1.1106730391601611
1698,20211208,1.8843084230966294
1699,20211209,6.468267669296174
1700,20211210,3.32897682286413
1701,20211213,2.4282558201664153
1702,20211214,4.583692795202919
1703,20211215,2.673413966947562
1704,20211216,1.6915624163103313
1705,20211217,3.6902108882479094
1706,20211220,1.5454024555194787
1707,20211221,2.58397847526071
1708,20211222,2.3522504819957777
1709,20211223,3.72371831788734
1710,20211224,3.358960021412165
1711,20211227,4.262517677082205
1712,20211228,4.264553079046796
1713,20211229,2.4572497963150286
1714,20211230,2.214098853752797
1715,20211231,1.8070674897807077
1716,20220104,709.7562225744783
1717,20220105,370.38197278150204
1718,20220106,191.07880588854104
1719,20220107,132.594015093142
1720,20220110,2.3051970335666705
1721,20220111,3.9100189536504204
1722,20220112,2.142408448656854
1723,20220113,2.6492300010017122
1724,20220114,2.6445286445831617
1725,20220117,2.1709534015011593
1726,20220118,3.2078744265715473
1727,20220119,3.7692170910044505
1728,20220120,1.9990637258537507
1729,20220121,2.532148375280338
1730,20220124,5.4223597049785734
1731,20220125,1.4899746157107416
1732,20220126,1.0980350058974884
1733,20220127,1.3357567355018811
1734,20220128,2.0358112083970656
1735,20220207,3.2099247204902936
1736,20220208,1.5628020909856186
1737,20220209,1.588076289027407
1738,20220210,2.4534910412403703
1739,20220211,1.9171481020023717
1740,20220214,1.8298470544971475
1741,20220215,5.2356304458253575
1742,20220216,3.8691779152194097
1743,20220217,2.9335443784258923
1744,20220218,1.4277049798994168
1745,20220221,3.494960560208266
1746,20220222,1.7627838910654499
1747,20220223,8.595355908407823
1748,20220224,1.8270688122099294
1749,20220225,2.1174664951173146
1750,20220228,2.447587602960253
1751,20220301,4.232696671113832
1752,20220302,2.5688125792338226
1753,20220303,3.799619110101622
1754,20220304,2.7391702973373038
1755,20220307,5.7610843840231265
1756,20220308,2.32538516839405
1757,20220309,1.7909475309911784
1758,20220310,3.013362358602081
1759,20220311,1.4545259665439678
1760,20220314,2.689855426974813
1761,20220315,2.1205181275006013
1762,20220316,1.0531887122816495
1763,20220317,2.2922527996520614
1764,20220318,1.4366877576712602
1765,20220321,1.6394609248877858
1766,20220322,1.661879669328203
1767,20220323,1.9833015733378596
1768,20220324,3.7857818403754133
1769,20220325,2.0941752153005613
1770,20220328,2.5087031843460683
1771,20220329,2.305431265562205
1772,20220330,1.5785759179411671
1773,20220331,1.6665140058327745
1774,20220401,3.2483011917167706
1775,20220406,5.264336083436437
1776,20220407,2.2493686425970094
1777,20220408,3.0561688389080346
1778,20220411,1.6075672841052506
1779,20220412,2.1569275000810912
1780,20220413,1.5345957817563807
1781,20220414,1.8167966182166966
1782,20220415,2.7009889992530796
1783,20220418,1.5212532069809293
1784,20220419,2.4213188306834383
1785,20220420,1.6457322901430456
1786,20220421,2.756639058613075
1787,20220422,2.3528098427352466
1788,20220425,2.17733768000783
1789,20220426,1.8103981366554136
1790,20220427,1.4967259691685146
1791,20220428,1.5090047881850805
1792,20220429,2.049983523103803
1793,20220505,1.5808980399083874
1794,20220506,1.213622877666367
1795,20220509,1.5561372120052448
1796,20220510,1.7961771148800993
1797,20220511,1.5225717518927644
1798,20220512,2.47413407387103
1799,20220513,3.191827906975615
1800,20220516,1.9612796691911492
1801,20220517,1.6688627099090405
1802,20220518,3.087936405290014
1803,20220519,2.63677088413847
1804,20220520,3.8179143264478435
1805,20220523,2.5409205608896577
1806,20220524,1.3192743144060417
1807,20220525,1.4942749009437775
1808,20220526,2.1677180243686074
1809,20220527,6.425086900972402
1810,20220530,4.843391872207637
1811,20220531,2.5176953998534937
1812,20220601,2.1927393959955994
1813,20220602,1.584714981689626
1814,20220606,1.8145890851379292
1815,20220607,2.54887668879583
1816,20220608,1.8598732255442993
1817,20220609,2.9096866029159862
1818,20220610,1.6347070924300615
1819,20220613,5.189688283554489
1820,20220614,2.2030633386863347
1821,20220615,3.5882715729068075
1822,20220616,10.281290995116489
1823,20220617,5.965134609040722
1824,20220620,11.145952801850365
1825,20220621,3.3977372698634634
1826,20220622,2.7706468066143604
1827,20220623,1.5358088114314652
1828,20220624,2.3345739134345402
1829,20220627,2.4833234690453754
1830,20220628,1.18646935275554
1831,20220629,1.0324976612489125
1832,20220630,2.7191761703473794
1833,20220701,2.449826925459185
1834,20220704,1.2955002629082275
1835,20220705,1.653847378985299
1836,20220706,2.2435013778812745
1837,20220707,2.257898213640217
1838,20220708,1.19394323371797
1839,20220711,1.755912206766098
1840,20220712,1.4800215697423258
1841,20220713,1.227060316935491
1842,20220714,1.8298226935326096
1843,20220715,2.330759910313453
1844,20220718,1.7060739666327658
1845,20220719,1.6676879739407613
1846,20220720,1.4897166029203393
1847,20220721,1.9810186952674398
1848,20220722,1.6521413542864636
1849,20220725,1.0410382338144804
1850,20220726,1.4278519518972062
1851,20220727,1.1824178834620838
1852,20220728,1.1121612984779856
1853,20220729,1.2851385748349375
1854,20220801,1.3609614589905883
1855,20220802,1.8204540975365484
1856,20220803,0.992580673976716
1857,20220804,1.4694054433007186
1858,20220805,1.1534804888761758
1859,20220808,1.2314301713651803
1860,20220809,2.4598398717363867
1861,20220810,1.757509376816995
1862,20220811,2.737590377801104
1863,20220812,1.1064453859243037
1864,20220815,3.138936155711196
1865,20220816,1.6708400587342334
1866,20220817,1.8633860228134418
1867,20220818,2.4001301674484257
1868,20220819,2.1915494011885057
1869,20220822,3.515128815726145
1870,20220823,1.746369694144313
1871,20220824,1.0968785538022567
1872,20220825,1.7971728413695232
1873,20220826,1.884190573812682
1874,20220829,1.2789911467224544
1875,20220830,2.0987589709215055
1876,20220831,1.1856682024180847
1877,20220901,2.334893708203265
1878,20220902,1.2658434633963926
1879,20220905,2.780718816157495
1880,20220906,1.3426480050843206
1881,20220907,2.131833225617897
1882,20220908,2.491850912649203
1883,20220909,1.1552687314046537
1884,20220913,2.7063132910307277
1885,20220914,1.4298436359219961
1886,20220915,1.2440515976921125
1887,20220916,1.653265318502668
1888,20220919,1.240249008145733
1889,20220920,1.5854257405108536
1890,20220921,1.7649102915539936
1891,20220922,1.8872041716571173
1892,20220923,1.2530394553538071
1893,20220926,1.8664768461095536
1894,20220927,2.141512598609108
1895,20220928,1.709625476948233
1896,20220929,1.9447201186455463
1897,20220930,1.3661778480008702
1898,20221010,1.6336001888265332
1899,20221011,1.575518036288186
1900,20221012,0.9239151277840609
1901,20221013,1.4122264879290174
1902,20221014,2.6320040076749693
1903,20221017,9.905885209196684
1904,20221018,5.666130573316209
1905,20221019,4.641976872085293
1906,20221020,2.1478307091330455
1907,20221021,3.8581042110959016
1908,20221024,2.058433353010769
1909,20221025,2.148720538738389
1910,20221026,3.4426442749484827
1911,20221027,4.370276896419224
1912,20221028,1.5808477373628713
1913,20221031,1.7059503329844043
1914,20221101,2.1103005177660084
1915,20221102,1.927101597203511
1916,20221103,3.423767578006715
1917,20221104,1.7390373395470415
1918,20221107,1.924633154910758
1919,20221108,2.154597641107184
1920,20221109,1.4660647720715616
1921,20221110,1.2237999124612233
1922,20221111,1.675831319034137
1923,20221114,1.5882896668827706
1924,20221115,1.5383343529573987
1925,20221116,4.858562788218273
1926,20221117,2.181928946638542
1927,20221118,7.661936646050143
1928,20221121,4.693824335312431
1929,20221122,6.11871843360647
1930,20221123,4.049011200464065
1931,20221124,2.662591449987876
1932,20221125,4.147373775363675
1933,20221128,2.662106671281288
1934,20221129,3.3591780423007878
1935,20221130,6.5580563599940565
1936,20221201,4.850307210561431
1937,20221202,2.9043842180397608
1938,20221205,3.7279005783310675
1939,20221206,2.85472914667132
1940,20221207,10.95846354760645
1941,20221208,2.7596199420592504
1942,20221209,3.6084840748125937
1943,20221212,4.0457101325864935
1944,20221213,7.67652518899633
1945,20221214,9.517843635862317
1946,20221215,4.301537482576279
1947,20221216,9.628460674442701
1948,20221219,2.9381494757054463
1949,20221220,4.095739214692607
1950,20221221,2.5386754082815823
1951,20221222,4.508100664991818
1952,20221223,7.208748799628556
1953,20221226,5.280819233950618
1954,20221227,7.112680550742547
1955,20221228,5.979226395382952
1956,20221229,4.139966075049741
1957,20221230,6.502198104919821
1958,20230103,2.3955851721219186
1959,20230104,4.865097561619752
1960,20230105,4.294291772804112
1961,20230106,3.4285675524691417
1962,20230109,4.860121630689114
1963,20230110,4.557430799459957
1964,20230111,2.929366300355703
1965,20230112,4.990640233396312
1966,20230113,2.208321602561612
1967,20230116,2.9535472219692736
1968,20230117,4.380417194626222
1969,20230118,3.457341798319974
1970,20230119,1.8039010624063228
1971,20230120,2.5635546000840606
1972,20230130,4.228834224197806
1973,20230131,6.8636763398668155
1974,20230201,3.972588209892135
1975,20230202,3.813626644626387
1976,20230203,1.91151673288262
1977,20230206,2.508019449545981
1978,20230207,5.773759096290498
1979,20230208,5.278882424626782
1980,20230209,1.2062928331141642
1981,20230210,1.9168314283738208
1982,20230213,2.4226741360489408
1983,20230214,2.826052521362338
1984,20230215,2.2948224245825806
1985,20230216,1.747255109723333
1986,20230217,1.852264940661175
1987,20230220,2.0288614640243603
1988,20230221,1.8557557005406844
1989,20230222,1.9320212493065798
1990,20230223,2.276936776355686
1991,20230224,2.3366160230594684
1992,20230227,1.2459548718400213
1993,20230228,1.3573844830671493
1994,20230301,4.5706590900839865
1995,20230302,4.530334548079324
1996,20230303,11.537459659824915
1997,20230306,7.601855234274017
1998,20230307,3.442396613638338
1999,20230308,1.661501507372697
2000,20230309,2.191037820598426
2001,20230310,5.825436532611158
2002,20230313,4.285770696546051
2003,20230314,1.9019448869645155
2004,20230315,3.627342664500309
2005,20230316,2.5175398671280314
2006,20230317,2.048422506788531
2007,20230320,2.327329578092658
2008,20230321,2.911925385635745
2009,20230322,2.662537067783132
2010,20230323,3.814279030805932
2011,20230324,3.4950685587959813
2012,20230327,6.103316433250482
2013,20230328,2.9001035969719786
2014,20230329,6.907985838433141
2015,20230330,7.138572073219953
2016,20230331,5.787870384960205
2017,20230403,6.858672529953496
2018,20230404,4.472058268714435
2019,20230406,10.66387843362326
2020,20230407,14.743271838557025
2021,20230410,7.894138519891879
2022,20230411,4.40068208791055
2023,20230412,12.084583200663884
2024,20230413,12.943401135826688
2025,20230414,10.424424640492335
2026,20230417,7.170042691588176
2027,20230418,19.42486770112765
2028,20230419,9.085995304536176
2029,20230420,5.600634468868895
2030,20230421,2.9762763844159936
2031,20230424,4.273318268847577
2032,20230425,3.6219865992692655
2033,20230426,3.281872269108668
2034,20230427,3.769310780127337
2035,20230428,4.799615985053096
2036,20230504,8.164528989531458
2037,20230505,12.888733696696175
2038,20230508,10.114256904126506
2039,20230509,4.8936989853386414
2040,20230510,6.787914024178134
2041,20230511,5.162993535214882
2042,20230512,6.252623084956766
2043,20230515,4.932195468640172
2044,20230516,7.81266178756057
2045,20230517,2.2416528324077656
2046,20230518,8.859394875813244
2047,20230519,6.09325427633941
2048,20230522,7.462522520707133
2049,20230523,4.429108781529255
2050,20230524,2.501034196360905
2051,20230525,4.780375825848341
2052,20230526,8.866101359494147
2053,20230529,6.726243115177585
2054,20230530,4.864499195305768
2055,20230531,5.649522721406143
2056,20230601,3.727947644721883
2057,20230602,6.001581901097124
2058,20230605,8.711680312745479
2059,20230606,2.831666320436007
2060,20230607,5.074296637456209
2061,20230608,4.215854659050202
2062,20230609,3.269635994315976
2063,20230612,2.916780510929888
2064,20230613,5.564615005704
2065,20230614,9.749049358176562
2066,20230615,6.9473488827399885
2067,20230616,3.7410895418312538
2068,20230619,3.0885962247031267
2069,20230620,6.525437555764463
2070,20230621,3.9148558308442727
2071,20230626,3.250793633546408
2072,20230627,1.9171742765380901
2073,20230628,1.8987988058389493
2074,20230629,1.1964754417261063
2075,20230630,2.0040999338641754
2076,20230703,2.784915231970738
2077,20230704,1.8461389848277543
2078,20230705,2.6985411059432565
2079,20230706,2.2009904389220463
2080,20230707,2.698189341304336
2081,20230710,3.287847015516903
2082,20230711,2.553757490968545
2083,20230712,2.87450292338334
2084,20230713,2.1051201726182245
2085,20230714,3.15888674659847
2086,20230717,4.289183261973782
2087,20230718,2.2526066723239806
2088,20230719,5.210128781566259
2089,20230720,8.296320776368786
