,date,rating
0,20180213,0.0
1,20180214,22.00259241820354
2,20180222,11.15365593944685
3,20180223,11.322038470202472
4,20180226,2.930294324715299
5,20180227,6.6009682917922845
6,20180228,3.7480877214362494
7,20180301,5.622893992494418
8,20180302,3.5931320436640446
9,20180305,6.672518958768803
10,20180306,6.949531971989771
11,20180307,10.279948487244347
12,20180308,10.590637448820933
13,20180309,6.300734666317755
14,20180312,8.511642007359887
15,20180313,4.968360631960513
16,20180314,2.903869378086316
17,20180315,3.9083983109794294
18,20180316,2.43239951662736
19,20180319,2.0520282041108655
20,20180320,4.951720810528686
21,20180321,3.739309148954118
22,20180322,2.882964608152166
23,20180323,1.2971578753474178
24,20180326,2.168464646525415
25,20180327,3.3827522320847376
26,20180328,4.4166404926750475
27,20180329,8.88493986027044
28,20180330,2.75251100523285
29,20180402,9.81734985711535
30,20180403,7.915350055279107
31,20180404,2.728038727910027
32,20180409,4.069117120886282
33,20180410,9.528345321217198
34,20180411,7.024940010039781
35,20180412,6.402952733715093
36,20180413,3.4428412319998887
37,20180416,6.120244092703451
38,20180417,2.1716568374256195
39,20180418,1.9182552370832875
40,20180419,3.22891611004591
41,20180420,2.664032642723337
42,20180423,1.477047015332098
43,20180424,3.8237804518431435
44,20180425,4.28811914841524
45,20180426,3.4627899247037863
46,20180427,2.555083844986191
47,20180502,4.553267872744009
48,20180503,1.979161625918152
49,20180504,4.572181593558505
50,20180507,2.881261763058746
51,20180508,2.715319860200955
52,20180509,5.411522382290137
53,20180510,4.242819606937515
54,20180511,5.451929278993806
55,20180514,3.5762814832030005
56,20180515,3.467396133557137
57,20180516,5.17455057987306
58,20180517,21.168628814416955
59,20180518,0.0
60,20180521,0.0
61,20180522,5.324598898948543
62,20180523,6.704897002445752
63,20180529,14.428722193587074
64,20180530,2.895296513741933
65,20180531,3.265533949331098
66,20180601,3.455528464965928
67,20180604,3.6294930206858274
68,20180605,2.996908401156369
69,20180606,6.922438461329286
70,20180607,7.151452968439376
71,20180608,2.3857274965538458
72,20180611,5.295454509030703
73,20180612,3.082934646281773
74,20180613,4.143071185488389
75,20180614,3.644025607548322
76,20180615,2.5331989967929003
77,20180619,2.530012555870028
78,20180620,4.176811036839064
79,20180621,1.8029199991880018
80,20180622,4.607973030368438
81,20180625,3.749269543706807
82,20180626,2.051303803193076
83,20180627,3.4953016053378994
84,20180628,6.239607134306147
85,20180629,3.012472394688439
86,20180702,1.8034442715078285
87,20180703,2.5988003202696657
88,20180704,4.447764694281272
89,20180705,2.617842092043443
90,20180706,1.8234342490590363
91,20180709,3.134696112536899
92,20180710,4.642934314921306
93,20180711,2.626033274448307
94,20180712,2.8122146291981056
95,20180713,14.478289288736043
96,20180716,4.009260806996297
97,20180717,4.244061567921588
98,20180718,4.361086210881037
99,20180719,3.679426615591857
100,20180720,1.4498241484442582
101,20180723,3.5561243061244414
102,20180724,0.9323150045378351
103,20180725,4.625067917152595
104,20180726,8.383159030782743
105,20180727,2.973784283417694
106,20180730,1.9149321300265747
107,20180731,4.111094344930108
108,20180801,1.7666825400133022
109,20180802,1.7011323086199202
110,20180803,2.5213376019735843
111,20180806,2.4462685002855884
112,20180807,1.0271765622092925
113,20180808,3.2704784006666343
114,20180809,1.6597742274064746
115,20180810,2.525707521786417
116,20180813,2.715415293421401
117,20180814,2.723562112977335
118,20180815,2.45823897546124
119,20180816,1.9037843808109285
120,20180817,2.775051303473367
121,20180820,1.5994710611400698
122,20180821,1.6776335352327654
123,20180822,8.04737281985138
124,20180823,2.510942999288689
125,20180824,4.97234697950024
126,20180827,1.205281237811153
127,20180828,3.2297911853643297
128,20180829,3.4426039195473717
129,20180830,2.382281018749431
130,20180831,3.532393548072746
131,20180903,1.8807490601911019
132,20180904,1.3197514187989379
133,20180905,2.5737687019485276
134,20180906,2.7703048627691262
135,20180907,2.3177598901006724
136,20180910,2.020583037076831
137,20180911,1.5329791258356966
138,20180912,4.369114004440645
139,20180913,1.8092754815632337
140,20180914,3.050714396213081
141,20180917,6.0443012530296745
142,20180918,1.4375252911250764
143,20180919,1.7224126974370608
144,20180920,2.8310574958726082
145,20180921,1.3720965830841856
146,20180925,3.1611092634536826
147,20180926,2.843080251953017
148,20180927,2.8375025583250864
149,20180928,4.7121339848392445
150,20181008,5.2730147647855725
151,20181009,8.809217615862622
152,20181010,0.0
153,20181011,2.483795678070331
154,20181012,2.471685884223025
155,20181015,2.2794214971548055
156,20181016,2.5745892541152933
157,20181017,2.6132109400666996
158,20181018,2.720632766078504
159,20181019,1.0162393090832584
160,20181022,1.3212567436737015
161,20181023,2.877901743252195
162,20181024,1.708974767747853
163,20181025,1.246371487053045
164,20181026,2.0461994611014256
165,20181029,2.2551112830094278
166,20181030,1.4118984268075667
167,20181031,1.4075525529081254
168,20181101,6.001756058958328
169,20181102,1.800077273172038
170,20181105,2.340428371789174
171,20181106,3.0750910840977594
172,20181107,1.2299366695599154
173,20181108,1.8585120673811255
174,20181109,9.482575726947461
175,20181112,2.3452808806467003
176,20181113,1.0018894148616164
177,20181114,6.830240896684704
178,20181115,0.0
179,20181116,7.021146749035138
180,20181119,2.9093300058214733
181,20181120,2.16787086935797
182,20181121,1.8719411429409811
183,20181122,5.848378516656351
184,20181123,1.7439293197479986
185,20181126,4.207840899799351
186,20181127,2.6301213567365527
187,20181128,0.9970820426373428
188,20181129,2.51750743987372
189,20181130,1.5695926870809187
190,20181203,2.114113939188373
191,20181204,2.534470921662638
192,20181205,0.9538420906410955
193,20181206,5.083877892229754
194,20181207,5.946895994674084
195,20181210,4.003188786327757
196,20181211,7.301437128465151
197,20181212,4.605696089947192
198,20181213,1.7720281635133113
199,20181214,2.249946457149169
200,20181217,2.585693207985976
201,20181218,2.7396812081139137
202,20181219,3.3188233780624516
203,20181220,2.803616767187779
204,20181221,6.571509198520066
205,20181224,4.9380400101323225
206,20181225,1.9017256405045224
207,20181226,8.485765256499384
208,20181227,2.1966473949647543
209,20181228,3.655207817924979
210,20190102,2.588653877817086
211,20190103,5.001360643928628
212,20190104,1.640432449824537
213,20190107,2.475641097002549
214,20190108,3.640993584243763
215,20190109,1.8414726883298604
216,20190110,2.8674628931297983
217,20190111,3.96461269679256
218,20190114,3.793832119641006
219,20190115,1.4607964844707508
220,20190116,2.7503328551151576
221,20190117,2.2316847428276287
222,20190118,1.8668565389429739
223,20190121,4.1589342124626505
224,20190122,5.417573031249183
225,20190123,5.889861212995997
226,20190124,2.083118190829279
227,20190125,5.00300131572592
228,20190128,1.7828833322623807
229,20190129,2.646894590518654
230,20190130,4.010443608144751
231,20190131,4.487943911190657
232,20190201,1.9564414378257178
233,20190211,1.3217567657833573
234,20190212,1.4377326431103377
235,20190213,1.129419358774615
236,20190214,1.9461798242463113
237,20190215,1.915007733658359
238,20190218,1.2607788917636193
239,20190219,1.9431744709834755
240,20190220,1.6315620225247018
241,20190221,1.5001637086355395
242,20190222,1.0589046416269279
243,20190225,1.1928400649832034
244,20190226,1.9252417334348406
245,20190227,1.398007438088827
246,20190228,2.3679604881225322
247,20190301,2.3318216106060308
248,20190304,1.0653437289369316
249,20190305,0.5405253378925664
250,20190306,2.088093747325302
251,20190307,2.0544006326450197
252,20190308,1.0583585648369334
253,20190311,0.8661121631176946
254,20190312,1.42496547941094
255,20190313,1.656369531294917
256,20190314,1.720035745634342
257,20190315,1.403238274402063
258,20190318,1.3823725631466006
259,20190319,1.670198546323418
260,20190320,1.6737993032583822
261,20190321,1.7109993146732834
262,20190322,1.4728882999866264
263,20190325,1.2044042115890525
264,20190326,2.123842235735698
265,20190327,1.1891115570021706
266,20190328,1.4474995105994244
267,20190329,0.93428550745584
268,20190401,0.8489707935915738
269,20190402,3.8926308463305035
270,20190403,1.6232943555065091
271,20190404,2.0714904385747657
272,20190408,1.6378384096953278
273,20190409,4.181417771553959
274,20190410,1.4470772511950583
275,20190411,1.351964534106276
276,20190412,1.9742144197932765
277,20190415,1.648469008124171
278,20190416,0.9005731412250025
279,20190417,0.8984340716673227
280,20190418,3.396976380842008
281,20190419,1.53786458885701
282,20190422,1.5574823123061103
283,20190423,1.5028006940567025
284,20190424,0.9569789428034621
285,20190425,2.0477304020718083
286,20190426,1.1127834891123598
287,20190429,1.2342282790769834
288,20190430,1.0868520414477578
289,20190506,1.418258863464226
290,20190507,1.0531696174998106
291,20190508,1.291103998939598
292,20190509,0.8517281045371216
293,20190510,0.7560762168378058
294,20190513,7.242775219303514
295,20190514,4.489187815915212
296,20190515,1.8563657976097396
297,20190516,4.640407154200733
298,20190517,1.5812732818377497
299,20190520,1.5616284888336371
300,20190521,0.898562632912689
301,20190522,1.180660648693863
302,20190523,1.0821571700974408
303,20190524,1.7585958372870274
304,20190527,1.0361714767657635
305,20190528,1.2650247360673135
306,20190529,2.0019280150421164
307,20190530,6.226757920144558
308,20190531,6.924764527487465
309,20190603,2.3218514026534893
310,20190604,2.7665362827819715
311,20190605,1.9723432211585332
312,20190606,1.9507439065467913
313,20190610,1.2053730402088567
314,20190611,1.3042886127056907
315,20190612,1.6745599310146504
316,20190613,2.4731530752059125
317,20190614,1.9301224540021276
318,20190617,3.5201021371113996
319,20190618,3.011412188594868
320,20190619,2.0211453107857373
321,20190620,1.3042398877919381
322,20190621,3.0474651276703653
323,20190624,2.278905332502642
324,20190625,1.296701582246268
325,20190626,1.065293450277214
326,20190627,2.754826674743742
327,20190628,1.694375239164452
328,20190701,0.9522997811139114
329,20190702,3.192185044522814
330,20190703,5.229743812806268
331,20190704,3.1015902049371555
332,20190705,5.821721234331633
333,20190708,1.6380167345370502
334,20190709,3.231239875601649
335,20190710,7.031168102843437
336,20190711,2.2670517923569076
337,20190712,4.286358991627863
338,20190715,1.4053507209612783
339,20190716,5.331814066375006
340,20190717,3.6310799264988574
341,20190718,2.948137265848383
342,20190719,2.2490016708924725
343,20190722,2.2565005047541953
344,20190723,4.849074695534232
345,20190724,2.008373634896383
346,20190725,2.3994710000890223
347,20190726,4.475800888534152
348,20190729,2.8719889601004684
349,20190730,1.6757522277776884
350,20190731,3.1009914201078455
351,20190801,1.967402432176683
352,20190802,2.8770692592165807
353,20190805,1.424452438096796
354,20190806,1.0825595065349694
355,20190807,1.2123322402403842
356,20190808,1.9139851555747374
357,20190809,1.6956722296041598
358,20190812,1.3780712728057027
359,20190813,2.7509699808366346
360,20190814,2.2388502960433154
361,20190815,0.8652506879593029
362,20190816,1.6258709116182148
363,20190819,0.6515811558612093
364,20190820,1.1644070319317728
365,20190821,1.920013995614763
366,20190822,1.456029362865652
367,20190823,1.5392785297942142
368,20190826,2.137209384693424
369,20190827,1.076751314455141
370,20190828,4.62122184651622
371,20190829,2.6161102664730342
372,20190830,1.6651180347522312
373,20190902,1.1661289224727043
374,20190903,1.8420604875532474
375,20190904,1.0630095570112306
376,20190905,1.2994437039282543
377,20190906,1.9348973332778439
378,20190909,1.1199388249035167
379,20190910,3.269627659762289
380,20190911,1.598650067192594
381,20190912,2.2146412356796974
382,20190916,0.9134957309259896
383,20190917,1.404603241871226
384,20190918,1.8670660656103741
385,20190919,1.404392556906269
386,20190920,8.225672099613343
387,20190923,1.9059829402939679
388,20190924,1.213111368072567
389,20190925,1.4933876999198334
390,20190926,4.12464430783069
391,20190927,10.21005942966814
392,20190930,6.836404225522444
393,20191008,6.41744090529782
394,20191009,6.334263607951684
395,20191010,8.23426854604233
396,20191011,5.910452334824488
397,20191014,3.5431430743748984
398,20191015,3.8130921810784604
399,20191016,3.4320824953641025
400,20191017,4.804889722999984
401,20191018,2.2898316727160046
402,20191021,3.011397007932006
403,20191022,4.541960514355156
404,20191023,3.834016223452595
405,20191024,2.641319889384
406,20191025,1.1865680929745561
407,20191028,1.5310888148941857
408,20191029,2.8346189104752066
409,20191030,2.3717207710144783
410,20191031,2.1290935969303186
411,20191101,1.1538032577753496
412,20191104,2.033225354800955
413,20191105,1.3642476445946026
414,20191106,1.2680704653992974
415,20191107,2.04037959766439
416,20191108,1.7712377443478822
417,20191111,2.1167138704148467
418,20191112,1.6302775063614467
419,20191113,4.134457892858591
420,20191114,4.977369747867554
421,20191115,1.4077703296211517
422,20191118,2.0212152803323398
423,20191119,1.9583884240720781
424,20191120,2.4126416650771074
425,20191121,6.812270217729964
426,20191122,1.5104014250648377
427,20191125,2.6096808832842853
428,20191126,2.7792325184489055
429,20191127,1.3779386789871084
430,20191128,2.7286254971093844
431,20191129,1.2787855826498205
432,20191202,1.7294700268730818
433,20191203,1.2114333215635313
434,20191204,3.5344536644594826
435,20191205,2.174575876613269
436,20191206,1.4659205142106495
437,20191209,2.1785050161853565
438,20191210,1.0654589093967852
439,20191211,1.6919517304481857
440,20191212,2.923892928978173
441,20191213,2.6698911995711536
442,20191216,1.906079415058403
443,20191217,1.5000139904705356
444,20191218,2.6245339890430537
445,20191219,2.5087388817887653
446,20191220,2.4968329173796984
447,20191223,1.0608248849895592
448,20191224,4.412590346908952
449,20191225,3.5711875070450794
450,20191226,1.6567190064665287
451,20191227,1.5654470947400414
452,20191230,1.4393012522278135
453,20191231,2.4291492079626598
454,20200102,0.9083510072804027
455,20200103,1.129366362621963
456,20200106,2.0677785598786564
457,20200107,2.682019708700297
458,20200108,3.799169465053287
459,20200109,3.8488377808014236
460,20200110,2.9057822025666167
461,20200113,0.8885553794026609
462,20200114,2.1659374529287554
463,20200115,1.8111945943578407
464,20200116,2.156375990443864
465,20200117,1.104563173132755
466,20200120,1.9337803335504786
467,20200121,1.75232967847628
468,20200122,1.6458672074305503
469,20200123,1.023440070706297
470,20200203,2.470539404671737
471,20200204,1.282611203891731
472,20200205,0.9414456788175496
473,20200206,1.1012147683761073
474,20200207,1.366654076195227
475,20200210,1.360062483087949
476,20200211,1.654759455842651
477,20200212,1.3164584162890447
478,20200213,1.6028434069599533
479,20200214,1.2375541954366271
480,20200217,2.4582460074546275
481,20200218,1.340584558139881
482,20200219,2.6471066169997663
483,20200220,1.89710044533559
484,20200221,0.7538079569779034
485,20200224,2.1342799352673207
486,20200225,1.0637735383984261
487,20200226,1.0322833984871362
488,20200227,1.0391848333907006
489,20200228,3.8654432564196224
490,20200302,3.1232244187139195
491,20200303,4.241104436739656
492,20200304,3.7646992709300773
493,20200305,6.019088306649381
494,20200306,2.099414983341356
495,20200309,2.5948794949296405
496,20200310,0.6192743495552986
497,20200311,3.7558818186177803
498,20200312,4.182404402764553
499,20200313,0.9306641069815274
500,20200316,1.26201817770027
501,20200317,1.5490353039604796
502,20200318,1.5702282844118893
503,20200319,1.2006830226645115
504,20200320,2.3201937569647155
505,20200323,2.134516308599447
506,20200324,1.5709152608772752
507,20200325,3.0432504592563023
508,20200326,1.998240725328627
509,20200327,2.660224041399836
510,20200330,3.295565709217224
511,20200331,2.6104521740853595
512,20200401,3.085646576474026
513,20200402,1.8285249704479152
514,20200403,2.529069377031942
515,20200407,1.3867499083624002
516,20200408,2.437257545269553
517,20200409,2.3272303815240925
518,20200410,2.7898197950964656
519,20200413,6.223442196394425
520,20200414,5.396105174505309
521,20200415,7.831594841764485
522,20200416,2.5829462803876067
523,20200417,4.535235130610513
524,20200420,2.7619984353288163
525,20200421,6.721830200406094
526,20200422,2.3048586293673474
527,20200423,3.496278158486199
528,20200424,1.8528528145166994
529,20200427,2.0856671508260756
530,20200428,1.646144435560405
531,20200429,2.458796013905648
532,20200430,2.4323197625046955
533,20200506,1.3684223433277831
534,20200507,1.9540846131431484
535,20200508,1.6308867793408224
536,20200511,1.823838966960853
537,20200512,2.041733928052587
538,20200513,4.004248466471252
539,20200514,2.470006673066811
540,20200515,2.059954456548845
541,20200518,0.0
542,20200519,6.106932786268396
543,20200520,8.189454400307879
544,20200521,3.2849591761426664
545,20200522,1.8191672281864015
546,20200525,5.31897631251031
547,20200526,1.0163495590998914
548,20200527,2.650484007823999
549,20200528,2.092301953238334
550,20200529,1.6560669589313972
551,20200601,1.105488435149224
552,20200602,2.4797701006083637
553,20200603,2.35472326957025
554,20200604,6.33406841800939
555,20200605,2.739609857563879
556,20200608,3.0405827015896074
557,20200609,5.826478714818171
558,20200610,2.79983502083194
559,20200611,1.7051235302905594
560,20200612,1.791222016678894
561,20200615,3.3138198124451246
562,20200616,2.11513500236303
563,20200617,4.389326852961052
564,20200618,2.2050926028733002
565,20200619,2.4891378267047157
566,20200622,3.1585228359773008
567,20200623,2.415771859899707
568,20200624,3.6765219308485078
569,20200629,3.492942064886312
570,20200630,3.1925548473591223
571,20200701,2.275717954971118
572,20200702,1.25074798858137
573,20200703,1.1397071287938099
574,20200706,1.0300499157057854
575,20200707,3.077362197325315
576,20200708,1.770381168822873
577,20200709,1.2046377502219503
578,20200710,1.5424671839705484
579,20200713,1.2661305687093884
580,20200714,1.7635543243555873
581,20200715,1.3376315574473518
582,20200716,1.1018714250264785
583,20200717,1.0926796851089138
584,20200720,1.273894647199442
585,20200721,1.7785411057423315
586,20200722,0.9149406481006113
587,20200723,1.3261053546969115
588,20200724,1.534932203745654
589,20200727,3.1322061065488143
590,20200728,1.4737317623745523
591,20200729,1.0935774957468858
592,20200730,2.1693779460737987
593,20200731,1.414045441650347
594,20200803,0.9357623759013809
595,20200804,1.9941969443535752
596,20200805,1.3861586722217107
597,20200806,1.7217104402732362
598,20200807,1.517476818191163
599,20200810,1.921506928049515
600,20200811,1.3055724578578587
601,20200812,1.1492092500181033
602,20200813,1.9922248387673949
603,20200814,1.431505850751383
604,20200817,0.9156172682799234
605,20200818,9.12378296745075
606,20200819,2.401346476380738
607,20200820,2.5057852351050505
608,20200821,2.7496001258164555
609,20200824,3.4364999728664074
610,20200825,4.458754898318486
611,20200826,3.8944349572060943
612,20200827,3.38537012795499
613,20200828,5.313152860758542
614,20200831,4.664862694672375
615,20200901,2.9249934544838068
616,20200902,2.81204192147216
617,20200903,3.0659321395730177
618,20200904,3.126945851430432
619,20200907,2.504710869679242
620,20200908,1.727906052664405
621,20200909,2.387316828910374
622,20200910,1.5733972761505313
623,20200911,6.434340366174118
624,20200914,4.946372227996467
625,20200915,5.4247774096434815
626,20200916,3.292067700046914
627,20200917,1.9372364570112839
628,20200918,2.4778336691310487
629,20200921,5.917408574962825
630,20200922,2.1796190913552373
631,20200923,2.5982431090822184
632,20200924,2.126408812372579
633,20200925,1.5598398997448584
634,20200928,1.449348056052243
635,20200929,1.7816237241644794
636,20200930,3.0296551987898725
637,20201009,1.0494626133188798
638,20201012,1.275392220287739
639,20201013,3.055463133613294
640,20201014,7.77812586805971
641,20201015,17.50085820552345
642,20201016,20.093050246139683
643,20201019,5.350821342909108
644,20201020,3.1624952907387676
645,20201021,4.699033380784752
646,20201022,1.9241120159140948
647,20201023,3.603417463847984
648,20201026,2.2710681407710336
649,20201027,2.536425961413862
650,20201028,3.2243192602998536
651,20201029,1.4302272183187303
652,20201030,1.9489138111388116
653,20201102,2.718555920101356
654,20201103,3.638485213836471
655,20201104,3.174690940386971
656,20201105,4.477460870921365
657,20201106,8.358870219931392
658,20201109,3.206050727798273
659,20201110,3.8025535213832837
660,20201111,2.6556291667015515
661,20201112,2.556827593196909
662,20201113,3.125766406036308
663,20201116,4.7646938981771845
664,20201117,2.529662534639265
665,20201118,2.8790172316427407
666,20201119,2.12615866883223
667,20201120,3.5516462221626908
668,20201123,5.822701207075887
669,20201124,3.9918988701310134
670,20201125,3.340970548615449
671,20201126,6.572409605551665
672,20201127,4.959700586562716
673,20201130,2.1452429097481507
674,20201201,1.6087929183965222
675,20201202,2.8438236279906985
676,20201203,1.6982044728347316
677,20201204,3.559987359119783
678,20201207,3.222949637256222
679,20201208,3.7727212387545466
680,20201209,2.517181910055235
681,20201210,2.9933771928379835
682,20201211,1.9469831810749476
683,20201214,1.7855263413265838
684,20201215,1.8889408467630673
685,20201216,2.669056885931262
686,20201217,1.7903930882468424
687,20201218,3.628408375279613
688,20201221,2.611899530087378
689,20201222,2.45377118018304
690,20201223,3.151091911291668
691,20201224,2.318211898089228
692,20201225,4.9317674772998625
693,20201228,3.3686869291430317
694,20201229,2.3408565285147724
695,20201230,1.8998813496014708
696,20201231,1.166748136882901
697,20210104,2.673076272833463
698,20210105,2.9239643127928674
699,20210106,2.003389695936471
700,20210107,3.2189021838027796
701,20210108,2.0763182986241016
702,20210111,2.691138832337044
703,20210112,2.677809958010256
704,20210113,3.2809139577666975
705,20210114,2.3631871606538652
706,20210115,3.163058032959376
707,20210118,2.3407267617809584
708,20210119,3.2348927738836015
709,20210120,5.17236338520256
710,20210121,1.6296443900978104
711,20210122,3.724729961978345
712,20210125,3.5475692140729693
713,20210126,2.7922547571276826
714,20210127,4.464884748518345
715,20210128,2.1517536799525603
716,20210129,2.393223060752492
717,20210201,2.564306389127054
718,20210202,2.2843336709428366
719,20210203,2.832945288231646
720,20210204,1.7913347728921751
721,20210205,2.5791566533769057
722,20210208,3.670167767840369
723,20210209,1.8834281416643455
724,20210210,2.5970899099604123
725,20210218,2.8125721474273915
726,20210219,1.590413150440654
727,20210222,2.1279328809620135
728,20210223,3.043924058283549
729,20210224,1.3356795371219004
730,20210225,1.993193178056513
731,20210226,1.7230210950904712
732,20210301,1.8631793788906421
733,20210302,1.749848864972304
734,20210303,2.1956452210718855
735,20210304,2.1702243108574035
736,20210305,1.9107230185303392
737,20210308,1.6133731884722742
738,20210309,1.408460514729426
739,20210310,2.082928446189193
740,20210311,1.7370013369003827
741,20210312,2.1671866597336598
742,20210315,2.531648187001154
743,20210316,2.3437478382454073
744,20210317,2.4546737122834994
745,20210318,5.341591923831269
746,20210319,2.2585064803126707
747,20210322,2.796383115165434
748,20210323,4.668433841310778
749,20210324,3.3616003319314265
750,20210325,2.127707568750261
751,20210326,3.1063005338209724
752,20210329,6.6967261756703955
753,20210330,3.9677945234515435
754,20210331,3.3868443707458975
755,20210401,2.293230774225789
756,20210402,2.1803848061510185
757,20210406,1.422899586969191
758,20210407,1.3562009247972509
759,20210408,2.053494423044042
760,20210409,1.8934154916009331
761,20210412,2.3100812315686308
762,20210413,2.205730436818669
763,20210414,2.0498254251791015
764,20210415,2.012810805577998
765,20210416,1.9618829045254542
766,20210419,1.3215072988692915
767,20210420,1.7747358939191247
768,20210421,2.3733643513351828
769,20210422,3.7978233734609317
770,20210423,3.658664843767854
771,20210426,4.9464366661246855
772,20210427,2.554901256054287
773,20210428,3.3482259452252316
774,20210429,3.2252761418835787
775,20210430,2.125290195491607
776,20210506,4.834876081387546
777,20210507,3.670159333353366
778,20210510,4.34288837151254
779,20210511,1.6677292583772334
780,20210512,1.6565793979060297
781,20210513,1.8871140546125105
782,20210514,2.8189641646233223
783,20210517,3.0755304080376216
784,20210518,2.245817148470996
785,20210519,1.7508960631577528
786,20210520,3.671904545661683
787,20210521,5.208382451844061
788,20210524,3.3290132633039002
789,20210525,2.047013503974317
790,20210526,5.4349504853097725
791,20210527,2.2926460468960963
792,20210528,1.4491505029510734
793,20210531,1.3183733421723072
794,20210601,1.6509797613200237
795,20210602,0.9686414206065558
796,20210603,2.0109559925002642
797,20210604,2.5245646013430827
798,20210607,2.0983191070617417
799,20210608,1.5168843810311856
800,20210609,2.5384028295426497
801,20210610,2.066873234583223
802,20210611,3.5028288722801237
803,20210615,3.9324093196021392
804,20210616,2.2210351161423363
805,20210617,3.884792314286349
806,20210618,2.2659992010403727
807,20210621,2.0949113562942574
808,20210622,3.6359423346040005
809,20210623,2.6952570668044915
810,20210624,2.479160719219044
811,20210625,4.110930698431026
812,20210628,2.120053371478373
813,20210629,5.236633321581828
814,20210630,2.3636471702236266
815,20210701,1.4427669824174951
816,20210702,2.156667015122443
817,20210705,1.817496790451926
818,20210706,2.8580952001914346
819,20210707,1.891189453255099
820,20210708,6.881927736462291
821,20210709,2.415410671691921
822,20210712,5.118844124775064
823,20210713,4.042320144902046
824,20210714,2.2335735840374222
825,20210715,3.600287045382451
826,20210716,3.5442198533685496
827,20210719,2.1574057155013056
828,20210720,3.0030628533339536
829,20210721,1.6978639619277769
830,20210722,2.37708504562809
831,20210723,3.661108572853603
832,20210726,0.8477974741288733
833,20210727,1.2560947801580216
834,20210728,1.4356403640497821
835,20210729,0.795822852078
836,20210730,2.1016258174871463
837,20210802,2.709039244805987
838,20210803,3.2890000051573387
839,20210804,5.377819385299053
840,20210805,3.6003558476133213
841,20210806,2.975503589282569
842,20210809,10.333552201530258
843,20210810,8.79498372117978
844,20210811,4.9080975014247
845,20210812,6.029199392767365
846,20210813,4.211191305656937
847,20210816,4.552268810695934
848,20210817,1.7663095444816101
849,20210818,1.9377083018238863
850,20210819,3.1263445930626506
851,20210820,3.1867714619693004
852,20210823,0.9130224827407988
853,20210824,5.868603578036064
854,20210825,7.636030561388456
855,20210826,3.4822720536207137
856,20210827,7.3552393080459675
857,20210830,2.864104713099002
858,20210831,5.576856071787384
859,20210901,1.8156919720043865
860,20210902,2.0973083776264265
861,20210903,1.124871013435343
862,20210906,1.4674378791032523
863,20210907,1.9170910020912975
864,20210908,2.571257702157102
865,20210909,4.806885330983866
866,20210910,2.0763733477683806
867,20210913,7.323088853698206
868,20210914,3.1564019048646275
869,20210915,5.086629872139654
870,20210916,3.8940228387669915
871,20210917,1.9384958290958807
872,20210922,2.822886604877275
873,20210923,2.8937996517120386
874,20210924,3.5240537869871926
875,20210927,1.3460383087663628
876,20210928,2.8969687103875557
877,20210929,1.1748819279648628
878,20210930,2.0445012767803297
879,20211008,1.0918978968913087
880,20211011,2.2206654736398503
881,20211012,1.1353718215861681
882,20211013,1.318654192304003
883,20211014,1.1650386852033103
884,20211015,3.6928636591081188
885,20211018,2.0410081759499126
886,20211019,1.8151769415156598
887,20211020,2.7533657665969367
888,20211021,3.0511109974627724
889,20211022,2.7361863643040993
890,20211025,0.9893431652324517
891,20211026,3.7256667404616812
892,20211027,3.350887424958088
893,20211028,2.8537322971772654
894,20211029,1.8027938586273562
895,20211101,0.9353169475427499
896,20211102,1.5849637747380003
897,20211103,1.3673314386955628
898,20211104,2.025489997300402
899,20211105,3.3528070500195084
900,20211108,1.8305572349763952
901,20211109,1.8727043675699784
902,20211110,1.7075623969835811
903,20211111,2.0980772655644704
904,20211112,2.1563483533843693
905,20211115,3.7256400872005733
906,20211116,3.280175350580422
907,20211117,1.7613016008446674
908,20211118,3.516793567264066
909,20211119,1.849549690119762
910,20211122,2.712592052830113
911,20211123,3.7983343489206
912,20211124,1.6458407666645665
913,20211125,3.9586319718875993
914,20211126,4.615705685845501
915,20211129,1.3041657210124007
916,20211130,2.5105258382423377
917,20211201,4.608415003913459
918,20211202,15.544817714428932
919,20211203,6.619201245981429
920,20211206,3.032767125119563
921,20211207,1.3140334950186405
922,20211208,2.2593922850485506
923,20211209,3.1769773355399473
924,20211210,1.885639339499417
925,20211213,1.3533169072350644
926,20211214,4.073638019200044
927,20211215,2.6623180128391106
928,20211216,2.4230768888664156
929,20211217,5.745261441096066
930,20211220,2.2756311733356958
931,20211221,1.9048391600953332
932,20211222,1.9319078115453407
933,20211223,3.5584200285257763
934,20211224,1.139739584764548
935,20211227,1.1955874935432262
936,20211228,2.1344674975953586
937,20211229,3.4440533486557126
938,20211230,2.3362139686299757
939,20211231,1.3447050152645263
940,20220104,2.172935808631977
941,20220105,0.9911295486777723
942,20220106,1.471269463884726
943,20220107,1.6077218865468634
944,20220110,1.0344712330070285
945,20220111,1.3430846505065204
946,20220112,1.300090334710535
947,20220113,2.2281889231747933
948,20220114,3.4917633259194725
949,20220117,2.576822693968177
950,20220118,2.855920452978772
951,20220119,2.9772633531897896
952,20220120,1.933758989904638
953,20220121,2.637870653862395
954,20220124,2.867232199831887
955,20220125,1.8943453392358844
956,20220126,2.663243679666521
957,20220127,1.6940650651841842
958,20220128,1.2077183138419163
959,20220207,3.4555747760313436
960,20220208,1.3910988407451008
961,20220209,1.195495066708167
962,20220210,1.6351015735202894
963,20220211,1.4984322974690993
964,20220214,1.9552077094668296
965,20220215,1.8365637448889078
966,20220216,1.2738585391211004
967,20220217,1.9916305771462608
968,20220218,1.3891057107380917
969,20220221,1.722303408580046
970,20220222,1.583811055216493
971,20220223,1.5516283347026834
972,20220224,1.2117095286652395
973,20220225,2.3464410994386236
974,20220228,1.388913396116648
975,20220301,1.7473308815313318
976,20220302,1.595195196014927
977,20220303,2.6372484805242236
978,20220304,1.3569263914180931
979,20220307,1.1134355380605625
980,20220308,1.5870303720840038
981,20220309,1.390274631500192
982,20220310,1.7913775757114687
983,20220311,1.130069875391277
984,20220314,1.7633953871156829
985,20220315,1.3204007715395667
986,20220316,0.9009561006730238
987,20220317,1.0211423903498713
988,20220318,1.726859575435561
989,20220321,2.6169549364635953
990,20220322,1.3941503583467934
991,20220323,1.57917010513139
992,20220324,2.112332402730033
993,20220325,1.901200287036548
994,20220328,1.4563243247355286
995,20220329,1.8458727151918273
996,20220330,1.1405212599810395
997,20220331,2.0962697424204673
998,20220401,2.160232499881495
999,20220406,1.8047256521484627
1000,20220407,1.49716966195252
1001,20220408,1.5147851644063588
1002,20220411,1.1745037318243579
1003,20220412,1.5224047084245935
1004,20220413,1.6891601283452071
1005,20220414,0.8670362713038138
1006,20220415,2.699424879333837
1007,20220418,1.6180103897135856
1008,20220419,2.2091359072883257
1009,20220420,1.9157522700822263
1010,20220421,1.121923842816108
1011,20220422,1.3864132394221949
1012,20220425,0.9781904679771414
1013,20220426,1.7103918450679934
1014,20220427,1.3264400073847062
1015,20220428,1.4824748260289444
1016,20220429,1.449331746831024
1017,20220505,0.9082357481532757
1018,20220506,1.4438512936126624
1019,20220509,2.5256020314411747
1020,20220510,1.199911362051521
1021,20220511,0.9186167543652309
1022,20220512,2.5056236634741182
1023,20220513,1.8467370983815001
1024,20220516,2.015897734405164
1025,20220517,1.8280995722270412
1026,20220518,1.3620348130686237
1027,20220519,1.9068232460346324
1028,20220520,1.7490120819779356
1029,20220523,1.7037649840906433
1030,20220524,0.9532679961857844
1031,20220525,1.8827936377006402
1032,20220526,1.1783295123026503
1033,20220527,1.334166058097865
1034,20220530,1.6497919134431356
1035,20220531,1.0001122785903078
1036,20220601,2.410695086442219
1037,20220602,1.8303347167530737
1038,20220606,0.9253352870788794
1039,20220607,1.2786769276815375
1040,20220608,1.0545513721635769
1041,20220609,1.505042242134032
1042,20220610,0.7478948163107008
1043,20220613,1.5614526960294253
1044,20220614,1.1814966333442736
1045,20220615,1.4561698735767306
1046,20220616,1.1150841752600191
1047,20220617,1.104264053167861
1048,20220620,1.7108097315138695
1049,20220621,3.345043415394191
1050,20220622,2.104362769707746
1051,20220623,2.5742483687180475
1052,20220624,2.3778447440696464
1053,20220627,2.2515986785871713
1054,20220628,1.1490841333903918
1055,20220629,1.0857081688689894
1056,20220630,1.489636597458652
1057,20220701,1.751538352664108
1058,20220704,1.5592855293310848
1059,20220705,1.3974074993736414
1060,20220706,1.7824700600977883
1061,20220707,1.4797820504749006
1062,20220708,2.797822270625652
1063,20220711,1.7115875497870978
1064,20220712,1.793135124838873
1065,20220713,1.5620165137720563
1066,20220714,1.3571955517975978
1067,20220715,1.6841868559776927
1068,20220718,2.644476801259633
1069,20220719,2.1207198335242627
1070,20220720,1.8604453174070916
1071,20220721,1.6225797472934038
1072,20220722,1.33543683319826
1073,20220725,1.1658629663351687
1074,20220726,1.0712142068337984
1075,20220727,2.067629285115274
1076,20220728,1.327839942068703
1077,20220729,2.286746979597984
1078,20220801,5.268318718826352
1079,20220802,2.216591039849346
1080,20220803,3.162678285316825
1081,20220804,2.895325699532555
1082,20220805,2.865628299510433
1083,20220808,1.8448022990829942
1084,20220809,3.8124765874868283
1085,20220810,2.8044903722994796
1086,20220811,2.735149455339286
1087,20220812,3.3537005045371675
1088,20220815,8.658577003029185
1089,20220816,6.375114652978176
1090,20220817,6.523046143833106
1091,20220818,3.277501816293579
1092,20220819,2.0940081548468923
1093,20220822,3.1012914826841884
1094,20220823,2.6932302312467846
1095,20220824,1.0019283281646922
1096,20220825,2.637908941064483
1097,20220826,1.9726756348834142
1098,20220829,2.498502717779594
1099,20220830,1.862328043730406
1100,20220831,1.3389307304558684
1101,20220901,2.787598091990021
1102,20220902,2.203446836586453
1103,20220905,1.7754897358465191
1104,20220906,1.0616485314695356
1105,20220907,1.5887290221791361
1106,20220908,2.1373638184687658
1107,20220909,1.9766368764613982
1108,20220913,1.2914795214629704
1109,20220914,2.400476791114724
1110,20220915,0.7858336144548528
1111,20220916,1.6319613877652486
1112,20220919,1.1366631405100884
1113,20220920,0.8965216796423829
1114,20220921,1.3344534280290237
1115,20220922,1.2191519741337749
1116,20220923,1.5496076857753691
1117,20220926,1.8677340230032142
1118,20220927,1.9816874087561187
1119,20220928,1.228431462334807
1120,20220929,1.1284540195089734
1121,20220930,0.8896435011134641
1122,20221010,1.1996660295414614
1123,20221011,1.24181308064409
1124,20221012,0.9901973538325518
1125,20221013,1.1082953018019785
1126,20221014,0.7930796628492756
1127,20221017,1.4211180825300471
1128,20221018,1.007508840887565
1129,20221019,2.29682050168652
1130,20221020,1.068643163797159
1131,20221021,1.209349351491696
1132,20221024,0.9547969551461625
1133,20221025,1.5018921410006416
1134,20221026,1.0041316390602857
1135,20221027,2.8218369916016384
1136,20221028,1.6277113814712894
1137,20221031,1.6613545882041658
1138,20221101,1.866404536622987
1139,20221102,2.1017488671831472
1140,20221103,1.8381772015359144
1141,20221104,0.9052659276993548
1142,20221107,1.3353130422477772
1143,20221108,1.668187072795089
1144,20221109,1.017079683799039
1145,20221110,1.9366911333329933
1146,20221111,1.0014475624671508
1147,20221114,1.6686696092905655
1148,20221115,0.7988756794662651
1149,20221116,1.1450944596710846
1150,20221117,1.54953793499871
1151,20221118,1.6913187833971994
1152,20221121,1.0061106062462495
1153,20221122,1.234553402726368
1154,20221123,1.780961720854018
1155,20221124,1.5054678431960822
1156,20221125,2.311366239153253
1157,20221128,2.2534299493359002
1158,20221129,1.3026828025253008
1159,20221130,1.514907954468995
1160,20221201,1.7400625405519392
1161,20221202,1.879915119522479
1162,20221205,1.5939553458372895
1163,20221206,1.9037725937678533
1164,20221207,1.856576157336418
1165,20221208,2.922808820838181
1166,20221209,2.0153115564983257
1167,20221212,3.886306223678526
1168,20221213,3.0945893030853995
1169,20221214,3.764273894443962
1170,20221215,2.2337427303209645
1171,20221216,1.8566760494453172
1172,20221219,1.8097132387696793
1173,20221220,1.9003827452631397
1174,20221221,1.4126125341108549
1175,20221222,1.4141145574707539
1176,20221223,1.5067369330766907
1177,20221226,0.8494629926357534
1178,20221227,2.986600275749555
1179,20221228,1.86460945644972
1180,20221229,1.9406131476463595
1181,20221230,2.3457579441800984
1182,20230103,1.2422042697692717
1183,20230104,1.84204011900523
1184,20230105,1.2173502199865227
1185,20230106,1.2109486638384865
1186,20230109,1.475163539412841
1187,20230110,1.9107152837830326
1188,20230111,1.5160477335345166
1189,20230112,1.6382102829182905
1190,20230113,1.7827073168241396
1191,20230116,1.4847072746041
1192,20230117,1.6999383745207997
1193,20230118,3.147154559126661
1194,20230119,2.275961805552119
1195,20230120,3.114536770345703
1196,20230130,2.021178654081839
1197,20230131,6.179751529102721
1198,20230201,1.018117180796169
1199,20230202,3.475854340030822
1200,20230203,2.13009311450986
1201,20230206,2.019610735552835
1202,20230207,1.6938277296215307
1203,20230208,4.172307892566417
1204,20230209,0.8671120581259
1205,20230210,1.1819943166126698
1206,20230213,1.5233205761916033
1207,20230214,2.5107351997433307
1208,20230215,2.7506935193697433
1209,20230216,1.236275519653577
1210,20230217,1.0516012200882028
1211,20230220,1.485168486015292
1212,20230221,2.6275337154319924
1213,20230222,13.18151282275096
1214,20230223,11.452776849774834
1215,20230224,5.657411775927417
1216,20230227,5.034576314212459
1217,20230228,1.5186718060316182
1218,20230301,2.913120570735623
1219,20230302,2.270821450009767
1220,20230303,2.3424901648273875
1221,20230306,2.891646506547956
1222,20230307,1.2114106705212127
1223,20230308,1.6069789078866141
1224,20230309,1.4329912553673736
1225,20230310,1.476060207404229
1226,20230313,1.7413820660959534
1227,20230314,1.4809110471574158
1228,20230315,4.53205958195851
1229,20230316,1.8083870463672576
1230,20230317,1.6790879117377373
1231,20230320,2.762188015094432
1232,20230321,1.5042025247037514
1233,20230322,2.764573197999595
1234,20230323,2.462887341819024
1235,20230324,5.813405401089692
1236,20230327,2.4665429192050152
1237,20230328,2.477848314076698
1238,20230329,1.7621399535590394
1239,20230330,2.754513695831632
1240,20230331,2.448045986558232
1241,20230403,5.308272861964537
1242,20230404,1.8757867274183564
1243,20230406,1.8648142013320081
1244,20230407,2.018854832339702
1245,20230410,1.7344048085189094
1246,20230411,2.530502251899995
1247,20230412,2.9235117967139423
1248,20230413,1.9531555762918427
1249,20230414,3.866278924069071
1250,20230417,5.420676860733951
1251,20230418,4.349507382443346
1252,20230419,2.8054382835880984
1253,20230420,2.4439028215538876
1254,20230421,2.2176136079720763
1255,20230424,2.538668955392434
1256,20230425,1.6738784559479745
1257,20230426,2.967049978941926
1258,20230427,2.6801028166057215
1259,20230428,2.104201656797589
1260,20230504,3.1087027551022275
1261,20230505,1.1291032142489419
1262,20230508,2.7242256009548225
1263,20230509,2.0933006994442707
1264,20230510,1.4796780973822534
1265,20230511,1.4031780657332835
1266,20230512,1.4859135990304233
1267,20230515,1.1962780205075358
1268,20230516,1.9801876453097407
1269,20230517,2.751157387487235
1270,20230518,3.904428841727922
1271,20230519,3.192205672802338
1272,20230522,2.7131342334892623
1273,20230523,2.3787824810442317
1274,20230524,1.734767006610781
1275,20230525,1.5097719686652877
1276,20230526,1.3808834204973486
1277,20230529,1.6319696259827883
1278,20230530,1.3897283578417372
1279,20230531,2.154531053023679
1280,20230601,1.936931589883948
1281,20230602,2.5082879896704315
1282,20230605,2.1589643541616095
1283,20230606,2.0984539541049707
1284,20230607,2.5800092240541845
1285,20230608,1.6903892212226825
1286,20230609,1.7127031122594103
1287,20230612,2.0272490690299523
1288,20230613,3.960147337465454
1289,20230614,2.1765873816180763
1290,20230615,1.9244809895136679
1291,20230616,2.2395095437707866
1292,20230619,3.3035645939943574
1293,20230620,1.54499192648588
1294,20230621,1.5123760720113117
1295,20230626,1.1305241370876324
1296,20230627,3.622463030060847
1297,20230628,1.2881306018956888
1298,20230629,2.5056510977006674
1299,20230630,1.8984160812112132
1300,20230703,3.178668741540651
1301,20230704,3.6057656099789805
1302,20230705,1.9435380547407917
1303,20230706,2.573192865594689
1304,20230707,1.8958831872844903
1305,20230710,1.5868577114620137
1306,20230711,0.739995810626073
1307,20230712,2.042957751395758
1308,20230713,3.116044617062856
1309,20230714,2.975726178526232
1310,20230717,2.5150857438053604
1311,20230718,2.0615721938402904
1312,20230719,1.263122016414452
1313,20230720,0.9612875399383464
