,date,rating
0,20110329,1.3510826076647988
1,20110330,2.182964072331085
2,20110331,1.9143325438624306
3,20110401,0.6401585531084479
4,20110406,2.5918581362309356
5,20110407,1.2240427435192591
6,20110408,1.13415093223252
7,20110411,0.30793817345484653
8,20110412,2.7094126904410962
9,20110413,1.1308842510687451
10,20110414,2.101808738063434
11,20110415,1.3576094418767102
12,20110418,2.3045850187698322
13,20110419,1.4876125541964222
14,20110420,1.8810133455468645
15,20110421,1.7835628428892556
16,20110422,1.007768557768542
17,20110425,2.1948933049247805
18,20110426,0.9092430803595448
19,20110427,0.583979564742194
20,20110428,1.1914808789585611
21,20110429,0.548898707433769
22,20110503,0.9897638133618757
23,20110504,0.7514078766074582
24,20110505,1.613895922178723
25,20110506,0.8709096553842245
26,20110509,1.273866437235889
27,20110511,0.988017669913672
28,20110512,1.1763666899820324
29,20110513,0.8273539733802866
30,20110516,0.8622481726932155
31,20110517,0.392462114331907
32,20110518,0.8917870685827027
33,20110519,0.6824397054634977
34,20110520,0.5117454923216824
35,20110523,0.9796583969942478
36,20110524,0.8787923099757413
37,20110525,0.39634874848651863
38,20110526,0.9204780876397927
39,20110527,0.6008500774992754
40,20110530,1.0745736523439937
41,20110531,0.5713577967435806
42,20110601,1.00675014003227
43,20110602,0.7492256848786933
44,20110603,0.9971515556856614
45,20110607,0.8249154093393555
46,20110608,1.0786563380950418
47,20110609,0.7437603709327295
48,20110610,0.5942918227913095
49,20110613,0.7039903142158631
50,20110614,1.5735755241526543
51,20110615,1.0525398414228875
52,20110616,0.9299601532117683
53,20110617,1.6985706127260618
54,20110620,0.9956504378263554
55,20110621,1.6834078687775305
56,20110622,1.2957500919989673
57,20110623,1.2227123563331392
58,20110624,1.116741927212684
59,20110627,1.0151670249118514
60,20110628,3.8636872009875534
61,20110629,1.7600101274767692
62,20110630,1.1658736501674511
63,20110701,2.3553483769995602
64,20110704,1.4829934701312215
65,20110705,1.657486534459125
66,20110706,1.8422315396582265
67,20110707,0.9015022102428986
68,20110708,1.1324902082708221
69,20110711,1.0252690628952337
70,20110712,1.5418100328062834
71,20110713,0.5249968060429427
72,20110714,1.1840668395273934
73,20110715,0.7461934021144266
74,20110718,1.3619602846176244
75,20110719,0.6140177455319652
76,20110720,1.0053004409953683
77,20110721,1.3107491902029298
78,20110722,1.1974415384274613
79,20110726,1.0930683697457084
80,20110727,0.6120121762425034
81,20110728,1.098175050291102
82,20110729,0.38479856378282684
83,20110801,1.1711017621211741
84,20110802,0.7897559835515068
85,20110803,1.110951528603356
86,20110804,0.6118206751490058
87,20110805,0.8785282692776891
88,20110808,1.2017587261835165
89,20110809,0.8796312515570888
90,20110810,2.871478038079376
91,20110811,1.2956344676299425
92,20110812,1.8155776071549814
93,20110815,1.6248257834762716
94,20110816,1.354099454373259
95,20110817,3.2943186144538896
96,20110818,1.5790726085513216
97,20110819,1.1463983448411157
98,20110822,1.5612465811040774
99,20110823,0.7276961043894606
100,20110824,3.4739481731026407
101,20110825,2.0381135782283835
102,20110826,0.7264945209199954
103,20110829,0.8813286327055887
104,20110830,1.041128892357351
105,20110831,1.0105806561939712
106,20110901,0.9169927534368596
107,20110902,0.625237206218346
108,20110905,1.3480217991574925
109,20110906,0.9431556439116789
110,20110907,0.7614485627106462
111,20110908,0.9455891585770716
112,20110909,0.7750963133201859
113,20110913,0.400489476602519
114,20110914,0.4244026965465492
115,20110915,0.8404447974953831
116,20110916,2.517609198281983
117,20110919,0.6248823567924598
118,20110920,2.0438647463140187
119,20110921,1.141949722350375
120,20110922,1.4038141728791564
121,20110923,0.8183622897191978
122,20110926,1.1820409272317967
123,20110927,0.8643199009258933
124,20110928,0.46333850473452887
125,20110929,0.6266259216623364
126,20110930,1.3253520744218692
127,20111010,0.5315272185623714
128,20111011,0.9109139737137834
129,20111012,0.7996410184406016
130,20111013,1.1606083150181692
131,20111014,0.6411768651081116
132,20111017,0.7788354357764102
133,20111018,0.9906758717871116
134,20111019,1.5251351576565544
135,20111020,0.44304663587929816
136,20111021,0.21566782061314085
137,20111024,0.3763179231964462
138,20111025,1.10002838137735
139,20111026,0.8742273617874229
140,20111027,1.203515562575382
141,20111028,0.8806370549887326
142,20111031,0.5723783557267811
143,20111101,0.6990809062289398
144,20111102,0.786637560860541
145,20111103,1.3021473023043824
146,20111104,0.3905078249301286
147,20111107,1.730090230782469
148,20111108,0.6034158183722739
149,20111109,0.6175624428241396
150,20111110,0.6193140850142824
151,20111111,0.2934501393415912
152,20111114,0.6350865268351641
153,20111115,0.8991195121201603
154,20111116,0.824486446539108
155,20111117,0.7518102467072594
156,20111118,0.8754427846014423
157,20111121,0.9296299503875076
158,20111122,0.8896089462786229
159,20111123,0.470000372603375
160,20111124,0.7754068136941092
161,20111125,0.8020114947248557
162,20111128,0.6635460520685458
163,20111129,0.3055600284394515
164,20111130,0.7683921546732898
165,20111201,0.9980600249699076
166,20111202,0.47208566558267395
167,20111205,0.9975460555145652
168,20111206,1.5793241110616159
169,20111207,0.617750118216472
170,20111208,0.85949511107767
171,20111209,0.6046940659595729
172,20111212,0.2152170458715566
173,20111213,0.9888546912140058
174,20111214,1.9580524925201581
175,20111215,1.169871826572277
176,20111216,0.3296784808597192
177,20111219,0.8469924288082756
178,20111220,1.4613830246512363
179,20111221,0.9638072049557813
180,20111222,0.6521709993831983
181,20111223,0.41465660885592787
182,20111226,0.7554807877848446
183,20111227,0.31911711019411515
184,20111228,0.34899215402685974
185,20111229,0.5717291048824807
186,20111230,0.9156302323944805
187,20120104,0.6847634923341599
188,20120105,0.46508049948635355
189,20120106,0.247518859696777
190,20120109,0.9351196480809877
191,20120110,0.9831335652269197
192,20120111,0.9191049085327118
193,20120112,0.5999450644010893
194,20120113,0.7554624595131986
195,20120116,0.6291855784327812
196,20120117,0.652107546007705
197,20120118,0.5914149851634735
198,20120119,0.8940683682043239
199,20120120,0.8011561327995813
200,20120130,1.3665903553240462
201,20120131,1.153814893286997
202,20120201,0.35398796295124735
203,20120202,0.8056122482160714
204,20120203,0.900153121642718
205,20120206,2.4351643790527975
206,20120207,0.7275070456436784
207,20120208,0.9256493898380891
208,20120209,0.9269269220217804
209,20120210,1.0939257798698658
210,20120213,0.9080258324497513
211,20120214,0.6719469297857288
212,20120215,1.0575969103173806
213,20120216,0.7357636242634588
214,20120217,1.1364129412767852
215,20120220,1.5106562390669442
216,20120221,0.5976331351516798
217,20120222,1.1709341864222167
218,20120223,1.2722252470781559
219,20120224,1.139077158418877
220,20120227,1.639102098241686
221,20120228,0.67882310161323
222,20120229,1.0009647734009235
223,20120301,0.4319203307374033
224,20120302,1.0511689787455207
225,20120305,1.5656753530307361
226,20120306,2.2461798424550268
227,20120307,1.437897156225305
228,20120308,1.1194202999777711
229,20120309,1.4820646365909513
230,20120312,1.4460448682503542
231,20120313,1.573102349817078
232,20120314,0.7595488212427892
233,20120315,1.1472654976517465
234,20120316,1.1069657600803067
235,20120319,1.8266534964113905
236,20120320,1.1360795663710432
237,20120321,0.994202113163611
238,20120322,0.9749442001535555
239,20120323,1.5325962038401308
240,20120326,1.5397062975732243
241,20120327,1.3803564719487644
242,20120328,0.7830652256073004
243,20120329,1.1136610224283643
244,20120330,0.8759109858106063
245,20120405,1.1457922147354889
246,20120406,0.9529464676148319
247,20120409,1.1381194052489518
248,20120410,1.4562653223245383
249,20120411,1.2414070440830967
250,20120412,1.1299316724848618
251,20120413,3.9521354917743743
252,20120416,1.218043549853373
253,20120417,2.4369372695343827
254,20120418,2.0113049279230295
255,20120419,1.5204178888621183
256,20120420,1.9344909060950322
257,20120423,1.6888332280192448
258,20120424,1.0378144306874693
259,20120425,1.8186205113717453
260,20120426,2.8386374943183292
261,20120427,1.7119467259103205
262,20120502,1.1868180044040733
263,20120503,1.990873095151556
264,20120504,1.7315807471490345
265,20120507,1.1853084305215669
266,20120508,0.7223837385161523
267,20120509,1.8286749083805192
268,20120510,1.3680133731145898
269,20120511,0.7502290883446245
270,20120514,0.7384271192560236
271,20120515,1.0078799784995554
272,20120516,1.434150463489456
273,20120517,0.6260375779379932
274,20120518,1.0775487042051741
275,20120521,0.9433517210557628
276,20120522,1.1369945943345174
277,20120523,0.9809726166033931
278,20120524,1.219633925905893
279,20120525,1.316913226332354
280,20120528,0.9217302320221422
281,20120529,1.1761661899361568
282,20120530,0.8937017800872403
283,20120601,1.558680035488477
284,20120604,1.236073141552997
285,20120605,2.8841635444298963
286,20120606,0.8785403851495667
287,20120607,1.193685071763596
288,20120608,0.7621958894452742
289,20120611,0.7587728900531677
290,20120612,0.8078521538384879
291,20120613,1.1087008962649112
292,20120614,1.4657978078166982
293,20120615,0.9946391253187126
294,20120618,1.4614207208710985
295,20120619,1.39682362221462
296,20120620,1.7247186143959679
297,20120621,1.0070150560916495
298,20120625,3.4343572911575047
299,20120626,1.044627974439928
300,20120627,1.2397762254643736
301,20120628,1.057007860764238
302,20120629,1.733933052063652
303,20120702,0.8490583597386097
304,20120703,0.8113470863512009
305,20120704,1.152990533943493
306,20120705,1.2437052810652085
307,20120706,0.8852690844093545
308,20120709,1.0942973151071707
309,20120710,1.3637977660943081
310,20120711,1.4558273749096382
311,20120712,0.8633365873978754
312,20120713,0.7997023501565529
313,20120716,0.6657819142413934
314,20120717,0.7583375677086516
315,20120718,0.9808288678160012
316,20120719,1.0401623076072086
317,20120720,1.0099847868880747
318,20120723,2.7658728014415908
319,20120724,0.6358652551195972
320,20120725,2.096466653474656
321,20120726,1.1620023413607838
322,20120727,0.47508464533192124
323,20120730,0.7595030053610312
324,20120731,0.627992323178831
325,20120801,0.840985049514165
326,20120802,0.980007008276653
327,20120803,0.5317861292400471
328,20120806,1.0954085447299788
329,20120807,1.6942617320982634
330,20120808,0.7580972229690577
331,20120809,0.765195399998465
332,20120810,0.5161073931912922
333,20120813,1.2099249549078925
334,20120814,0.700518430802569
335,20120815,0.9058706545008304
336,20120816,1.5142728550823161
337,20120817,1.2215182861843927
338,20120820,0.80553738376625
339,20120821,0.27903668083632144
340,20120822,1.6893990453153382
341,20120823,0.9705982297561602
342,20120824,0.7070761961560202
343,20120827,1.8687759761048435
344,20120828,1.0625264455409855
345,20120829,0.9514943925166648
346,20120830,0.6880940358826211
347,20120831,0.8048996627416112
348,20120903,0.7536113277183111
349,20120904,1.7467857771369832
350,20120905,0.7522703084367955
351,20120906,0.7999021591627283
352,20120907,1.2118269648310407
353,20120910,1.1547531440836043
354,20120911,0.9656357055381731
355,20120912,1.1161481791219414
356,20120913,0.8238711456836885
357,20120914,0.8440471326935461
358,20120917,1.969787409479485
359,20120918,0.9030947447038679
360,20120919,1.228329425941346
361,20120920,0.6183544608792578
362,20120921,0.7918216382025578
363,20120924,0.8334645532907509
364,20120925,0.9912426486142614
365,20120926,1.2333867197794093
366,20120927,1.3455472013525738
367,20120928,0.9079737119338462
368,20121008,2.698019563935374
369,20121009,1.8738714799631564
370,20121010,0.7894382349843115
371,20121011,1.5233382807497455
372,20121012,1.3158324309328941
373,20121015,0.9538474052255359
374,20121016,0.7695578437875741
375,20121017,1.4411531958150743
376,20121018,1.6345479901688362
377,20121019,1.3827547802964943
378,20121022,1.2201240577799535
379,20121023,1.2413088973574458
380,20121024,2.5061410177494103
381,20121025,1.0856051925445793
382,20121026,1.222097096307109
383,20121029,2.26554353036644
384,20121030,1.7055868302452808
385,20121031,0.818845965910766
386,20121101,1.0238483505462905
387,20121102,2.8448931663948755
388,20121105,1.7721247384575356
389,20121106,1.1819614351853998
390,20121107,1.5557339935082022
391,20121108,1.8341559449014146
392,20121109,1.0212788429859196
393,20121112,1.6615498440725187
394,20121113,1.264261578246865
395,20121114,1.156418210016394
396,20121115,0.6449950199568918
397,20121116,1.1348779492686494
398,20121119,0.6487501821952183
399,20121120,5.131385569440476
400,20121121,1.7279822870977433
401,20121122,1.6593547219163487
402,20121123,2.8218423413002784
403,20121126,1.5176316226248256
404,20121127,0.5572236574124064
405,20121128,0.9120514600291348
406,20121129,0.7002520405219881
407,20121130,0.7857353894783954
408,20121203,0.6016508743652378
409,20121204,0.9374093585346325
410,20121205,0.8142786483388497
411,20121206,0.9892916338155748
412,20121207,0.7913864210358689
413,20121210,1.056003791475334
414,20121211,0.7901126263874255
415,20121212,0.5705146903686714
416,20121213,0.9742760769500066
417,20121214,1.0654332281152676
418,20121217,0.880320974663912
419,20121218,2.6214501513126613
420,20121219,3.373790059534703
421,20121220,0.781403712870123
422,20121221,1.3453405866514907
423,20121224,1.3718975809266944
424,20121225,0.9754901554969089
425,20121226,1.4364890235665158
426,20121227,1.55741842804821
427,20121228,1.2182684531299794
428,20121231,1.4772855495541266
429,20130104,1.0519278900404703
430,20130107,1.0647565848801002
431,20130108,1.519673346934533
432,20130109,1.3704270843987023
433,20130110,1.477011766849693
434,20130111,1.1957133622748237
435,20130114,0.7961291488358865
436,20130115,1.0463189283796983
437,20130116,0.8831783637309291
438,20130117,1.6653976953326577
439,20130118,1.0496003024541851
440,20130121,0.8869565644960405
441,20130122,1.271796436393949
442,20130123,1.0803863185284894
443,20130124,0.8114705255490142
444,20130125,1.0562010302280151
445,20130128,0.8775226267540163
446,20130129,0.5810266068945933
447,20130130,3.8136523059854808
448,20130131,1.6025448257187984
449,20130201,1.3642090128054873
450,20130204,1.2776492257362224
451,20130205,0.9424330781657151
452,20130206,2.4097419979762447
453,20130207,1.7709234065105364
454,20130208,0.9029543404014264
455,20130218,2.070407321859283
456,20130219,1.0172293954558902
457,20130220,0.736176856003645
458,20130221,0.9582805978118627
459,20130222,0.7431738719594292
460,20130225,0.630993114960896
461,20130226,0.7201576117854948
462,20130227,1.0243656318637588
463,20130228,0.7718310854498792
464,20130301,0.5244978102526092
465,20130304,1.1932333892755065
466,20130305,1.1436880343091644
467,20130306,0.8421250256410541
468,20130307,0.5458713539919156
469,20130308,0.9511135841187178
470,20130311,2.6431857505418175
471,20130312,0.8143063545799143
472,20130313,0.7238585235497553
473,20130314,1.0403856213004454
474,20130315,0.9459480947329755
475,20130318,1.405728874290894
476,20130319,0.6735561142810047
477,20130320,1.2827058627920858
478,20130321,0.8506142621313141
479,20130322,1.4997494320571574
480,20130325,1.366202332347302
481,20130326,0.7839985786624941
482,20130327,1.2303797842720066
483,20130328,0.8250656022369519
484,20130329,1.79045902987373
485,20130401,0.7212197037972057
486,20130402,1.101973370574862
487,20130403,0.5454200657203423
488,20130408,0.8373889247474153
489,20130409,0.9957779995085162
490,20130410,0.8747921972226421
491,20130411,1.3914602680610597
492,20130412,0.5470542189639751
493,20130415,1.549226885542636
494,20130416,1.0560033724575504
495,20130417,1.2543640100822882
496,20130418,5.308763971728345
497,20130419,1.8106278604411392
498,20130422,1.3250110832643458
499,20130423,1.1386291390785988
500,20130424,0.8377153938427045
501,20130425,0.9256088577095414
502,20130426,0.7098788890855177
503,20130502,0.5932174543226906
504,20130503,0.8306141861357804
505,20130506,1.0795394738893034
506,20130507,1.0272073020709322
507,20130508,1.4805029580161304
508,20130509,0.6934462326252326
509,20130510,0.8085487471270795
510,20130513,0.818468468675793
511,20130514,1.0502063443955783
512,20130515,0.7252322139665671
513,20130516,1.172352116967136
514,20130517,0.7755158452300941
515,20130520,0.6003528206395354
516,20130521,0.8456378063679633
517,20130522,0.8098659510784034
518,20130523,0.7427713676541849
519,20130524,1.052050334161545
520,20130527,0.6484550675570477
521,20130528,0.68633691817513
522,20130529,0.8714233656478823
523,20130530,1.034215661053018
524,20130531,1.6840696017723307
525,20130603,2.5056230515226208
526,20130604,0.9802664841098848
527,20130605,0.9804787464906041
528,20130606,2.1223801365326462
529,20130607,0.9965760604444518
530,20130613,0.9936056126390651
531,20130614,0.6225372493098607
532,20130617,1.2756332113256188
533,20130618,0.42140371240030206
534,20130619,1.2826593819783554
535,20130620,0.6250389409598196
536,20130621,0.7409230985701397
537,20130624,0.7612297038794813
538,20130625,1.2212444843660069
539,20130626,1.0942951666492138
540,20130627,0.4987965066465756
541,20130628,0.7278805441195351
542,20130701,1.2884117415496676
543,20130702,1.009983349607841
544,20130703,0.7048877194651908
545,20130704,1.2886887022971227
546,20130705,5.276461073638334
547,20130708,1.4458234062310757
548,20130709,1.1904736347966762
549,20130710,1.584190620428084
550,20130711,1.0052273477898606
551,20130712,1.8379483325045083
552,20130715,0.5871388710904903
553,20130716,1.1150397443782425
554,20130717,0.8731076124541941
555,20130718,0.8335344087047054
556,20130719,0.8860448405977044
557,20130722,0.6008212436065236
558,20130723,0.519733185684628
559,20130724,1.1939853601618937
560,20130725,0.8549334020929509
561,20130726,0.905059074309877
562,20130729,0.9960756900013232
563,20130730,0.5287430999168996
564,20130731,0.5616509151935499
565,20130801,0.6968624719921599
566,20130802,1.6797300217947277
567,20130805,2.018079135317325
568,20130806,0.6845429188527702
569,20130807,1.5541990504639465
570,20130808,0.9236178361256266
571,20130809,0.6065923259851413
572,20130812,1.2905697069216444
573,20130813,1.2063788887619062
574,20130814,1.0178540951723098
575,20130815,0.6528005327691838
576,20130816,1.019414939572851
577,20130819,1.5746808770802616
578,20130820,1.5679806347134164
579,20130821,0.9474755190318082
580,20130822,1.114866086104061
581,20130823,0.8870943859832949
582,20130826,1.380429587652587
583,20130827,6.186129926691201
584,20130828,2.608355875560213
585,20130829,2.8355515612282893
586,20130830,2.252408854029818
587,20130902,3.2160424621729176
588,20130903,1.6454506292204418
589,20130904,3.407327712750811
590,20130905,2.338015229961953
591,20130906,5.070274211517509
592,20130909,3.3808744760454665
593,20130910,5.884961611167714
594,20130911,2.2154189345238775
595,20130912,2.601988522165414
596,20130913,2.7852430598497064
597,20130916,1.4237341177609115
598,20130917,2.2322004717893473
599,20130918,1.8962594347898143
600,20130923,1.706178186378915
601,20130924,1.9807051884109206
602,20130925,2.3938212401323415
603,20130926,2.1544624109842028
604,20130927,1.130244806764384
605,20130930,1.4016255532951978
606,20131008,1.0020663764054973
607,20131009,0.8381268540586316
608,20131010,1.1765440768498192
609,20131011,2.48593041073366
610,20131014,1.7090401999916573
611,20131015,2.5910430858138236
612,20131016,1.2249488062689537
613,20131017,0.9424256699199145
614,20131018,0.6995499129218694
615,20131021,1.1609608522876713
616,20131022,0.8551002444395135
617,20131023,0.808148761048455
618,20131024,0.8341114043420961
619,20131025,1.1403000953107392
620,20131028,1.043259139075395
621,20131029,0.7439709434406081
622,20131030,0.6215324190450772
623,20131031,1.6509752437899778
624,20131101,0.9329186169777551
625,20131104,1.279040064943953
626,20131105,1.3433701553620652
627,20131106,0.7348413290323292
628,20131107,1.1983773532848128
629,20131108,1.0867537590701586
630,20131111,0.8399760039337356
631,20131112,1.180197008257193
632,20131113,0.758126820124435
633,20131114,0.6394898881975271
634,20131115,0.8954386744919558
635,20131118,0.7537215836690643
636,20131119,3.5506614442877105
637,20131120,2.84793108842223
638,20131121,2.313469666630649
639,20131122,1.726421017755717
640,20131125,1.9284193987265512
641,20131126,2.5266227458430435
642,20131127,1.1007556587459735
643,20131128,1.3560763952396202
644,20131129,1.9396333679319568
645,20131202,2.65851593475592
646,20131203,1.871905550462659
647,20131204,1.5510267555600015
648,20131205,5.733516779742019
649,20131206,3.80277677291947
650,20131209,4.248628782697567
651,20131210,2.8222990772375245
652,20131211,1.3337436556010491
653,20131212,1.728188904095673
654,20131213,1.502222513936089
655,20131216,1.4021610189628695
656,20131217,2.1431328910112564
657,20131218,1.147278480717354
658,20131219,1.9412959411700372
659,20131220,2.0252214569121145
660,20131223,0.7133524268971141
661,20131224,0.868743554773003
662,20131225,1.3153210943704652
663,20131226,1.4583854585856435
664,20131227,0.791553347249362
665,20131230,1.3253529033480467
666,20131231,2.118968058315411
667,20140102,1.2971483889497444
668,20140103,2.3910138321195307
669,20140106,1.3556360599017343
670,20140107,1.2531847759129544
671,20140108,1.9837904337099532
672,20140109,0.9384076797056565
673,20140110,0.8014133345759644
674,20140113,1.2449180637334534
675,20140114,1.1593851257966472
676,20140115,1.2070409806134468
677,20140116,1.1408531031356486
678,20140117,0.9430584852265109
679,20140120,2.5511082710159103
680,20140121,1.8312678585470046
681,20140122,0.7909169456795426
682,20140123,1.3262800581207026
683,20140124,0.6880729436922667
684,20140127,0.7857279992482904
685,20140128,0.7170846482287516
686,20140129,0.7356983952983807
687,20140130,0.8572388235049286
688,20140207,0.7060982989158822
689,20140210,0.9355864122462263
690,20140211,0.7232939048438618
691,20140212,1.361746601081911
692,20140213,1.0605776697949605
693,20140214,0.981579069906942
694,20140217,0.653333110252958
695,20140218,3.7975621588760893
696,20140219,1.3457278337272927
697,20140220,0.8241904592209582
698,20140221,1.256322398367175
699,20140224,1.4388704770631264
700,20140225,0.6662015525143075
701,20140226,0.6429374430130498
702,20140227,2.1768540727245993
703,20140228,0.5971821813587279
704,20140303,1.871490840041683
705,20140304,2.2515245498691625
706,20140305,1.6079228184115166
707,20140306,1.0445397839311306
708,20140307,1.2274003895597816
709,20140310,1.5624564430208892
710,20140311,0.9156402416389531
711,20140312,1.2025138688802302
712,20140313,0.9160047313391413
713,20140314,1.2330740060753498
714,20140317,0.6930553852076575
715,20140318,0.8450843695648795
716,20140319,1.3244378516145914
717,20140320,0.650146123543347
718,20140321,0.7803900699031835
719,20140324,1.3534960563892415
720,20140325,1.4531932181999474
721,20140326,1.647055578785686
722,20140327,1.853835200057984
723,20140328,0.9998426700515779
724,20140331,1.0442709854386236
725,20140401,1.1188298664785963
726,20140402,1.201932823942876
727,20140403,1.1711932112283656
728,20140404,2.471051518942735
729,20140408,1.3321198864557409
730,20140409,1.6172289735513545
731,20140410,0.5293683119992942
732,20140411,0.8725777181397137
733,20140414,1.591485837189698
734,20140415,1.1616742546801595
735,20140416,1.4650183312914709
736,20140417,1.2424196056983265
737,20140418,1.5914551126963832
738,20140421,0.7926705083489708
739,20140422,1.0480828202670047
740,20140423,1.110720360654761
741,20140424,1.7172345075770978
742,20140425,1.0651476753484712
743,20140428,1.6103164805573205
744,20140429,1.2116075691273689
745,20140430,1.3575177875606865
746,20140505,0.8757038702251831
747,20140506,1.0274557534990867
748,20140507,1.0491455687509699
749,20140508,0.9546528694393008
750,20140509,0.7317471228429354
751,20140512,1.1390274086981849
752,20140513,1.3267244867721841
753,20140514,1.847309711761642
754,20140515,0.9148601928797718
755,20140516,0.9494907098957975
756,20140519,1.349017413774483
757,20140520,1.2810301358082656
758,20140521,0.8208256851855902
759,20140522,1.054070520105679
760,20140523,0.9082215841385881
761,20140526,5.03709893269855
762,20140527,1.7317483964108973
763,20140528,0.9293791512501883
764,20140529,1.064888323721049
765,20140530,0.7964567156106745
766,20140603,1.2939301880577585
767,20140604,0.7461586919519627
768,20140605,3.1298951794929226
769,20140606,1.6730244371897496
770,20140609,1.5066553432601233
771,20140610,0.8577698676456688
772,20140611,0.6652488322695711
773,20140612,1.1106048515133424
774,20140613,0.715651714204894
775,20140616,1.241414213944576
776,20140617,1.000584503045968
777,20140618,1.1589757432308823
778,20140619,0.687002359076685
779,20140620,0.5724851727171429
780,20140623,1.054383641278441
781,20140624,1.4710336848963896
782,20140625,1.1131426793659647
783,20140703,3.6011232172549414
784,20140704,11.512286905536856
785,20140707,5.556678955895904
786,20140708,1.6265112049816133
787,20140709,2.890446883139934
788,20140710,4.247989735004587
789,20140711,2.6171108152922855
790,20140714,4.32789322423762
791,20140715,3.1692000388470114
792,20140716,7.684998794611948
793,20140717,6.024357869900962
794,20140718,8.19002459095211
795,20140721,10.18204656902702
796,20140722,6.983098662471157
797,20140723,4.5905293940429495
798,20140724,5.684978846116462
799,20140725,3.414559343920918
800,20140728,2.730768125978017
801,20140729,5.441895861736005
802,20140730,5.816471252481322
803,20140731,3.7783577122383027
804,20140801,2.7585830817148964
805,20140804,2.1679076916514006
806,20140805,3.5470700596206135
807,20140806,1.3958051224546328
808,20140807,2.1369156398348332
809,20140808,5.30474168376922
810,20140811,4.005337261061634
811,20140812,2.069385966528889
812,20140813,2.2840468912385523
813,20140814,3.103221108204004
814,20140815,2.122982820709502
815,20140818,3.5829472305597
816,20140819,2.4777295767993626
817,20140820,1.9948005220106473
818,20140821,4.008359880423042
819,20140822,1.8383710301596294
820,20140825,5.5772900651773325
821,20140826,1.4495192376718227
822,20140827,2.8858537635211334
823,20140828,2.49980989314644
824,20140829,1.8803106578269932
825,20140901,2.717179089042548
826,20140902,1.1983519184493723
827,20140903,2.514166117421173
828,20140904,4.3391497648893065
829,20140905,2.726293404192462
830,20140909,3.2950018774135814
831,20140910,1.2565260386019201
832,20140911,1.292402210675185
833,20140912,1.4454883370155005
834,20140915,1.7332324067727356
835,20140916,0.9137473991024629
836,20140917,2.189373570800437
837,20140918,2.7535948813223046
838,20140919,2.340336728410278
839,20140922,1.5651756734168412
840,20140923,5.029798253419616
841,20140924,1.112357490549405
842,20140925,2.3120155638133184
843,20140926,4.278644420641416
844,20140929,2.6762854798233975
845,20140930,2.634796713956959
846,20141008,1.8297849061127702
847,20141009,5.424121738110882
848,20141010,2.8408692025265148
849,20141013,2.5002256474330493
850,20141014,1.7182115378631146
851,20141015,1.7779427680714925
852,20141016,3.2798061550150344
853,20141017,1.86524954141505
854,20141020,2.25514604423821
855,20141021,1.5173755238624778
856,20141022,1.6697526671163505
857,20141023,1.7342292811666375
858,20141024,1.5771869113521528
859,20141027,1.0412070870081678
860,20141028,1.3524278116932191
861,20141029,2.2648363297489476
862,20141030,1.5898752864037273
863,20141031,1.5168310278627386
864,20141103,3.1836959147803063
865,20141104,2.6624139379150527
866,20141105,4.677003095446457
867,20141106,1.3622196269866307
868,20141107,0.9923282941895607
869,20141110,1.9247914311169545
870,20141111,1.011239226751665
871,20141112,1.8706032398130064
872,20141113,1.2143678970114666
873,20141114,1.287022389787973
874,20141117,0.8564581330052924
875,20141118,1.2309690481944764
876,20141119,1.4492668050431134
877,20141120,10.063940728143503
878,20141121,2.3617194132347255
879,20141124,2.271746091657731
880,20141125,1.7618621293573835
881,20141126,1.8731832735281848
882,20141127,1.073363777756698
883,20141128,0.9708515704956927
884,20141201,1.9898797628494844
885,20141202,1.089037738574485
886,20141203,1.1720961904857417
887,20141204,1.6428596891488745
888,20141205,1.3082427532310956
889,20141208,1.154482628715259
890,20141209,0.7985497956685842
891,20141210,0.5882803918835707
892,20141211,1.8422983603157637
893,20141212,1.2488591933838493
894,20141215,2.8375186066961375
895,20141216,2.356730894877496
896,20141217,1.3287102164645415
897,20141218,1.5358979104629455
898,20141219,1.34612722227576
899,20141222,1.0167868804729643
900,20141223,0.9904145206797372
901,20141224,1.62157382545102
902,20141225,0.7469665686444147
903,20141226,1.2949991002375836
904,20141229,1.3733093579873743
905,20141230,1.7161564909079903
906,20141231,1.0778247411913604
907,20150105,1.0381333008045943
908,20150106,1.8945840689151972
909,20150107,1.824294325216691
910,20150108,1.7216092377756815
911,20150109,1.1484365847560472
912,20150112,2.337522367928263
913,20150113,0.9818169708871423
914,20150114,1.1990092724447412
915,20150115,1.7964147051508128
916,20150116,1.490257022554808
917,20150119,1.4253421268504283
918,20150120,0.7237012727808756
919,20150121,1.1414943293149855
920,20150122,1.7339383159740656
921,20150123,1.255657726253484
922,20150126,1.5062333729721735
923,20150127,1.4800187561578455
924,20150128,1.8697579625150973
925,20150129,1.5813577300439075
926,20150130,1.7632524930266804
927,20150202,1.3238963218784119
928,20150203,1.5183257905975764
929,20150204,1.773843110047503
930,20150205,1.6160408360301255
931,20150206,1.3370189368129801
932,20150209,1.2358242010318108
933,20150210,1.0249763017327194
934,20150211,2.633309286422245
935,20150212,1.5665726498213348
936,20150213,2.025013316540747
937,20150216,0.912537241174116
938,20150217,4.564872063768975
939,20150225,1.342760184853971
940,20150226,2.1489984776126256
941,20150227,1.2847089660283626
942,20150302,4.897742146041639
943,20150303,3.580129657129197
944,20150304,2.450219446114839
945,20150305,2.183039227170086
946,20150306,3.01993352145654
947,20150309,1.4128313010849038
948,20150310,2.189274107405056
949,20150311,4.479546826627557
950,20150312,2.527150532799568
951,20150313,2.060315771354368
952,20150316,1.4840386360445563
953,20150317,2.040957881284646
954,20150318,1.462509620356491
955,20150319,5.698400687586992
956,20150320,2.8651329834492354
957,20150323,1.6350256829530285
958,20150324,2.102663206444064
959,20150325,1.2263716483794875
960,20150326,1.7226771185134644
961,20150327,1.8203091519991272
962,20150330,2.0151149016441305
963,20150331,1.7332037493823003
964,20150401,1.238500105504366
965,20150402,2.7058940679333388
966,20150403,1.8444841681784798
967,20150407,2.557052231393998
968,20150408,1.1782008554553933
969,20150409,1.1526382180339723
970,20150410,1.4325012444180545
971,20150413,1.2307287617983893
972,20150414,1.6777858471308904
973,20150415,1.2139360394004093
974,20150416,0.9840743413910076
975,20150417,1.5028648474272626
976,20150420,1.0627659418251718
977,20150421,2.0706989025723614
978,20150422,2.28331694826134
979,20150423,1.2708361243933481
980,20150424,2.929346396913413
981,20150427,1.2226392655085085
982,20150428,1.822960035744946
983,20150429,3.0602847460004727
984,20150430,2.9952889401834986
985,20150504,2.6841519780809633
986,20150505,2.5262881595307376
987,20150506,2.0731262363324032
988,20150507,3.4720732978879996
989,20150508,2.057723674860747
990,20150511,2.5811182061109297
991,20150512,2.9183666907251458
992,20150513,1.9036788570123928
993,20150514,2.4476366160326797
994,20150515,1.69016589680772
995,20150518,1.2568734721782022
996,20150519,1.2718545661220286
997,20150520,2.5060677254367034
998,20150521,2.3346669007813694
999,20150522,3.3017816545699943
1000,20150525,1.341677486497908
1001,20150526,1.3218015866962383
1002,20150527,1.8454310559157672
1003,20150528,1.1537105207297187
1004,20150529,1.246170056142097
1005,20150601,1.1777459001693316
1006,20150602,1.491292809266785
1007,20150603,2.5336696521257895
1008,20150604,1.4866787493470262
1009,20150605,2.0990946772575194
1010,20150608,1.2832962558924983
1011,20150609,2.045811125801423
1012,20150610,1.2556580783805535
1013,20150611,2.0272227360548873
1014,20150612,3.823368044780247
1015,20150615,1.8752329009215767
1016,20150616,1.7728464013799416
1017,20150617,1.636357942646476
1018,20150618,1.1439690835784886
1019,20150619,1.2705327558663304
1020,20150623,1.069446243658083
1021,20150624,1.9332196590761925
1022,20150625,1.5380706298527609
1023,20150626,1.1446317815580636
1024,20150629,1.1506773575592544
1025,20150630,1.038066317030602
1026,20150701,1.1322481722351412
1027,20150702,1.248091510754647
1028,20150703,0.9967050833425978
1029,20150706,1.0913880491683348
1030,20150707,1.5127273068477938
1031,20150708,0.0
1032,20150709,1.1723421735454103
1033,20150710,1.312446190108023
1034,20150713,1.1736538314452156
1035,20150714,1.5394983055428682
1036,20150715,1.2210660310206571
1037,20150716,1.142722801589033
1038,20150717,1.2822431860130596
1039,20150720,1.4830578509479302
1040,20150721,1.9564509889189303
1041,20150722,1.4285155815447514
1042,20150723,0.9710248192860693
1043,20150724,1.4065598140145068
1044,20150727,1.0389281896648583
1045,20150728,1.0902961748543711
1046,20150729,1.0364684937126523
1047,20150730,0.986133540568035
1048,20150731,1.0313651436493703
1049,20150803,1.7303819505267353
1050,20150804,1.1228589319047129
1051,20150805,1.7233735030725643
1052,20150806,2.3706108807870185
1053,20150807,1.0752908702724957
1054,20150810,1.295702018785994
1055,20150811,1.2437498148688522
1056,20150812,2.711984696146609
1057,20150813,1.867475453398281
1058,20150814,2.0020095838674243
1059,20150817,1.9911905890384776
1060,20150818,1.187154399630741
1061,20150819,1.1907206945117168
1062,20150820,1.5440419621293344
1063,20150821,1.2139211895883695
1064,20150824,1.1753451268374262
1065,20150825,1.6022009635247279
1066,20150826,1.4657429075802932
1067,20150827,1.1881514397695891
1068,20150828,1.1900999910346424
1069,20150831,1.4390540021199012
1070,20150901,1.3865396076387648
1071,20150902,1.1371702008434164
1072,20150907,1.2018777544715467
1073,20150908,1.5208578874721463
1074,20150909,1.6219466578553547
1075,20150910,1.325754337527887
1076,20150911,3.268346528724652
1077,20150914,0.9164979941714749
1078,20150915,1.3465883435701202
1079,20150916,0.9558189443547415
1080,20150917,1.1877630166737014
1081,20150918,2.8279710878803805
1082,20150921,1.2124253203835722
1083,20150922,1.4200961059837767
1084,20150923,3.6643863339370397
1085,20150924,2.2345224383046585
1086,20150925,2.0637177394699595
1087,20150928,2.6130894407114433
1088,20150929,1.3158798672909346
1089,20150930,1.8033856959172956
1090,20151008,1.0345519431119725
1091,20151009,1.3413489343834255
1092,20151012,0.9605133166386153
1093,20151013,0.9861616724742772
1094,20151014,2.0863151545051464
1095,20151015,0.7726123325399973
1096,20151016,2.5055541081969834
1097,20151019,2.9349088681285447
1098,20151020,1.5355912940611014
1099,20151021,1.234550746356102
1100,20151022,1.3268321431926726
1101,20151023,1.6627095988254237
1102,20151026,1.8377781437534821
1103,20151027,1.0620122357475388
1104,20151028,1.5453192023474713
1105,20151029,1.2595775780114062
1106,20151030,1.2991801519130557
1107,20151102,1.7622814510406783
1108,20151103,3.022892585458698
1109,20151104,1.2661171368701254
1110,20151105,1.2687255711706027
1111,20151106,0.7925181957441088
1112,20151109,0.5675841410839197
1113,20151110,2.2146023040322667
1114,20151111,2.1816609764650194
1115,20151112,1.6088733156842978
1116,20151113,2.7006016347458477
1117,20151116,1.6453977653998035
1118,20151117,1.6708552094349347
1119,20151118,1.645303972121366
1120,20151119,1.1108783093842811
1121,20151120,1.943478195318443
1122,20151123,3.2999413051847504
1123,20151124,1.2936118284838571
1124,20151125,1.6104112366414085
1125,20151126,1.967625808077954
1126,20151127,1.3198200426337734
1127,20151130,1.191433356695282
1128,20151201,1.419922851135972
1129,20151202,1.0012798342154527
1130,20151203,1.0386474823235383
1131,20151204,1.6438717524898099
1132,20151207,4.551330247463011
1133,20151208,3.1513196351581807
1134,20151209,3.2056524074321864
1135,20151210,6.431415411749444
1136,20151211,6.055518898380131
1137,20151214,2.197199838078316
1138,20151215,6.89587582108397
1139,20151216,2.385437838342241
1140,20151217,2.4342012941894446
1141,20151218,1.9651986704737567
1142,20151221,2.4421369881393624
1143,20151222,2.4141267231373837
1144,20151223,3.5060038368644633
1145,20151224,2.0260302287420218
1146,20151225,2.148822826254212
1147,20151228,1.94421381219986
1148,20151229,1.150135293939638
1149,20151230,1.334104233207676
1150,20151231,1.3627060673551898
1151,20160104,1.029333996110443
1152,20160105,1.2413148890671961
1153,20160106,1.0007179798387282
1154,20160107,1.074035693046932
1155,20160108,1.4099866385751292
1156,20160111,1.2608482217068933
1157,20160112,1.5769839889754624
1158,20160113,1.111061227293683
1159,20160114,1.0302474131060675
1160,20160115,1.4051162018171275
1161,20160118,1.4815544739226916
1162,20160119,1.0431551734069877
1163,20160120,2.975695943710914
1164,20160121,1.220211460321067
1165,20160122,1.2129155617231844
1166,20160125,1.5315110673385046
1167,20160126,1.1749201328099927
1168,20160127,1.2965861759551183
1169,20160128,1.6394387863143416
1170,20160129,0.9277125590378275
1171,20160201,0.9216064525334253
1172,20160202,1.0785782077314268
1173,20160203,1.0272418489286184
1174,20160204,1.0647376290344517
1175,20160205,1.262775251424502
1176,20160215,0.8375356580876044
1177,20160216,1.1430041374526942
1178,20160217,1.4140110241118973
1179,20160218,1.7161903551231963
1180,20160219,2.7311328107837225
1181,20160222,1.6593987008822162
1182,20160223,1.6844195054279023
1183,20160224,2.553833012368219
1184,20160225,1.0656014941542973
1185,20160226,1.125842395141716
1186,20160229,1.2376451137051991
1187,20160301,0.9488898914112494
1188,20160302,0.9145266802848612
1189,20160303,2.354390696964732
1190,20160304,1.188261000465975
1191,20160307,0.9544062508522083
1192,20160308,1.0484272025079646
1193,20160309,1.1191008929353414
1194,20160310,1.0353249779124585
1195,20160311,0.9717108531150569
1196,20160314,0.9440803360972859
1197,20160315,1.042808903147481
1198,20160316,0.829742290692956
1199,20160317,0.7706212604776238
1200,20160318,1.0404912487433366
1201,20160321,2.7625353647448585
1202,20160322,0.8051099909657549
1203,20160323,1.3694596296243557
1204,20160324,1.2077473217105383
1205,20160325,2.384146154499928
1206,20160328,1.230878630143417
1207,20160329,1.1776792854038736
1208,20160330,1.4134768559967912
1209,20160331,1.245197467203557
1210,20160401,1.4842266157861759
1211,20160405,1.0238486975874448
1212,20160406,3.3186929615795515
1213,20160407,1.65854207385135
1214,20160408,1.3880566689292613
1215,20160411,1.3116866759877852
1216,20160412,1.1594867117471712
1217,20160413,1.6713325849835081
1218,20160414,1.7550173457110838
1219,20160415,1.554319150616955
1220,20160418,1.3050500649330328
1221,20160419,1.823381883616109
1222,20160420,1.16853539578554
1223,20160421,1.1107877902261725
1224,20160422,0.8841604053856376
1225,20160425,0.8927148059929996
1226,20160426,0.7869268889415414
1227,20160427,1.032531690254018
1228,20160428,0.9563049725087306
1229,20160429,1.458292698325359
1230,20160503,0.9854554054951511
1231,20160504,1.3348364879062942
1232,20160505,1.3743365989756862
1233,20160506,0.9680373447651032
1234,20160509,1.0223181584106407
1235,20160510,0.9373330760813087
1236,20160511,1.0510056129462284
1237,20160512,0.7829392836550311
1238,20160513,0.9804345552029835
1239,20160516,1.4520207256733197
1240,20160517,0.9521053750148042
1241,20160518,1.074285003167994
1242,20160519,0.9111239545538349
1243,20160520,0.9814360700783322
1244,20160523,1.0963787216213166
1245,20160524,1.297720140906403
1246,20160525,3.768181531600093
1247,20160526,1.4902222073029285
1248,20160527,1.2338731749828984
1249,20160530,1.200833823656106
1250,20160531,0.8031184819080026
1251,20160601,1.5813320897731415
1252,20160602,1.6065800505691847
1253,20160603,1.5037685319694234
1254,20160606,1.699782099475557
1255,20160607,7.4141582943309325
1256,20160608,1.5849112542949884
1257,20160613,1.1614229916984884
1258,20160614,2.031085940925813
1259,20160615,0.606235604785953
1260,20160616,0.0
1261,20160617,3.4096432988567726
1262,20160620,3.099957155372066
1263,20160621,2.4112845844189468
1264,20160622,1.3898778723955065
1265,20160623,2.153917036296026
1266,20160624,1.702366750002606
1267,20160627,1.01409733396795
1268,20160628,1.361510530004297
1269,20160629,3.991945316852941
1270,20160630,2.2637639310322197
1271,20160701,1.457220590039359
1272,20160704,1.7290159574111013
1273,20160705,3.385739851825548
1274,20160706,1.7357620198816046
1275,20160707,1.8388034568432448
1276,20160708,1.3061788038835629
1277,20160711,1.2477440846868586
1278,20160712,0.989262347631944
1279,20160713,1.6894178674157578
1280,20160714,1.0137629436759947
1281,20160715,1.848706480311576
1282,20160718,1.412893506783328
1283,20160719,1.1144849996452215
1284,20160720,1.147378530963384
1285,20160721,1.2074110275832175
1286,20160722,1.9714766261239538
1287,20160725,1.033761572264198
1288,20160726,1.3045624379537646
1289,20160727,1.0440465781548434
1290,20160728,0.9616157439480713
1291,20160729,1.28314782851184
1292,20160801,2.293635582252302
1293,20160802,1.6237880172455323
1294,20160803,1.560415817331943
1295,20160804,1.3765774798229768
1296,20160805,1.8051001073154433
1297,20160808,0.7303697095622376
1298,20160809,0.9117860094607859
1299,20160810,1.5399812433037232
1300,20160811,1.4356917561036793
1301,20160812,1.3438997117576732
1302,20160815,1.0402283923744955
1303,20160816,1.377331059787671
1304,20160817,1.5070503185905768
1305,20160818,2.362862152220487
1306,20160819,3.0433287663548207
1307,20160822,1.7712502751083596
1308,20160823,1.602984352978633
1309,20160824,1.215163088156687
1310,20160825,1.319299995888675
1311,20160826,1.165501786078965
1312,20160829,1.5523488612299832
1313,20160830,4.748273595698268
1314,20160831,1.7611540570714013
1315,20160901,1.3745806274694308
1316,20160902,1.187751260903821
1317,20160905,2.1167710031843847
1318,20160906,1.0183884311463267
1319,20160907,5.049291794761696
1320,20160908,5.502104986532506
1321,20160909,2.4779651148145834
1322,20160912,0.9324775092375576
1323,20160913,1.4321023385139178
1324,20160914,1.3517430834508841
1325,20160919,1.6385378260714842
1326,20160920,1.6519896346112533
1327,20160921,2.4902485682857884
1328,20160922,1.9819436074717138
1329,20160923,2.0537951671171393
1330,20160926,1.098538720134097
1331,20160927,0.7071374680855504
1332,20160928,1.4236408575672665
1333,20160929,1.1049912077855117
1334,20160930,1.201578379055611
1335,20161010,0.7050445475084315
1336,20161011,0.9952385840603696
1337,20161012,1.7577159282826287
1338,20161013,1.619489102431618
1339,20161014,1.0061644321582341
1340,20161017,1.3672535732237516
1341,20161018,1.0457635007755957
1342,20161019,1.6145764863670833
1343,20161020,2.985575536209835
1344,20161021,0.9843027600740248
1345,20161024,1.3759848229535934
1346,20161025,1.7409448631905886
1347,20161026,1.6191247388241048
1348,20161027,1.5029614956181094
1349,20161028,1.0305937990373228
1350,20161031,1.626087826803119
1351,20161101,0.6902265447970276
1352,20161102,1.2561822372182092
1353,20161103,1.1625364648297525
1354,20161104,1.1903938128888594
1355,20161107,1.1348075063302727
1356,20161108,2.138189806189724
1357,20161109,1.0529702616817345
1358,20161110,1.44805616563001
1359,20161111,1.0823467270474654
1360,20161114,0.911946258728068
1361,20161115,1.3601168418899012
1362,20161116,3.427187968034009
1363,20161117,1.6811705995290893
1364,20161118,3.536984569403439
1365,20161121,5.243558729533771
1366,20161122,1.8668402106425448
1367,20161123,1.338390863286293
1368,20161124,1.4805063996495131
1369,20161125,1.5518400644545094
1370,20161128,1.6128055990970622
1371,20161129,1.3324981983695434
1372,20161130,1.7543904724778205
1373,20161201,2.813963033149934
1374,20161202,0.9616913088300912
1375,20161205,0.7644246371987968
1376,20161206,1.1676539423839682
1377,20161207,1.3190143265410126
1378,20161208,2.1048939238900215
1379,20161209,1.4543489105917626
1380,20161212,0.882548065405935
1381,20161213,0.951298631155291
1382,20161214,1.135281888926304
1383,20161215,0.926832525816504
1384,20161216,1.0425520787440743
1385,20161219,1.343088793720185
1386,20161220,1.1652203151416107
1387,20161221,0.7983096660289036
1388,20161222,1.9230096757441344
1389,20161223,1.1292717477800758
1390,20161226,0.7503672646865492
1391,20161227,5.914131834928457
1392,20161228,1.3367856155891082
1393,20161229,1.114425421154247
1394,20161230,1.1216728243894558
1395,20170103,1.628195049469581
1396,20170104,0.7861496519840019
1397,20170105,1.6152600729437412
1398,20170106,1.5246571643646178
1399,20170109,1.5641064468876646
1400,20170110,1.4445190390505347
1401,20170111,1.3367291573596867
1402,20170112,1.617336596160532
1403,20170113,1.0775837593799034
1404,20170116,1.3277811670465016
1405,20170117,0.9899496202476328
1406,20170118,1.2213100843721318
1407,20170119,2.459690246472562
1408,20170120,0.8816287384584951
1409,20170123,1.826287514201342
1410,20170124,1.8211318425343077
1411,20170125,1.5812332722921743
1412,20170126,0.5815027032303037
1413,20170203,1.18024667855279
1414,20170206,0.7506581137389714
1415,20170207,0.8993539008174034
1416,20170208,0.8713292563477415
1417,20170209,0.7854843210197833
1418,20170210,2.174957788223445
1419,20170213,1.4311379911609123
1420,20170214,0.9412786705048467
1421,20170215,1.1325041102074382
1422,20170216,1.581358468227751
1423,20170217,1.631703022643078
1424,20170220,1.3442452648016692
1425,20170221,0.7846012167310931
1426,20170222,0.987108463724104
1427,20170223,1.8124214298346377
1428,20170224,1.452213009714437
1429,20170227,1.8189301119506622
1430,20170228,1.0740095195950048
1431,20170301,2.571056298723142
1432,20170302,1.996873508108632
1433,20170303,1.53738177584332
1434,20170306,2.493593043601325
1435,20170307,2.5498629477835695
1436,20170308,2.3800622149554584
1437,20170309,3.861920014923801
1438,20170310,2.7267645130510436
1439,20170313,1.2062564208154245
1440,20170314,1.984235828841716
1441,20170315,2.2867134996351317
1442,20170316,0.99586082627263
1443,20170317,1.6089080545055983
1444,20170320,1.0333711118296558
1445,20170321,2.9093544196193792
1446,20170322,1.209914365872875
1447,20170323,1.1170617748879557
1448,20170324,1.468458903903345
1449,20170327,1.139077265139812
1450,20170328,1.7150068820264934
1451,20170329,0.9898006669869125
1452,20170330,0.7344221055116448
1453,20170331,1.111218633269462
1454,20170405,0.9237543803445476
1455,20170406,2.6608824153577495
1456,20170407,1.2591313220833498
1457,20170410,1.8989642141256948
1458,20170411,0.804579127733647
1459,20170412,1.0719544895848812
1460,20170413,0.6931486480429349
1461,20170414,1.1831914461051587
1462,20170417,0.6230367943358776
1463,20170418,0.8431491463202636
1464,20170419,1.5479523215408801
1465,20170420,1.6569624290422025
1466,20170421,1.2958098004536274
1467,20170424,0.937374824110677
1468,20170425,0.7791250075889856
1469,20170426,0.8966194322004319
1470,20170427,0.9079526671347787
1471,20170428,1.9392441537025078
1472,20170502,10.499372078867626
1473,20170503,2.6384516383786747
1474,20170504,1.4414292677727418
1475,20170505,1.6818445328520155
1476,20170508,1.626797189921627
1477,20170509,0.9977453076165824
1478,20170510,1.2322867618947395
1479,20170511,1.4534970738530848
1480,20170512,2.1586730325697974
1481,20170515,3.779733951449653
1482,20170516,2.6181148169365707
1483,20170517,2.2455247915563863
1484,20170518,1.9338381206948405
1485,20170519,2.913838864835455
1486,20170522,1.0682576958433418
1487,20170523,0.7923525016650712
1488,20170524,1.7944928754085405
1489,20170525,2.2581139628648046
1490,20170526,1.908183434942919
1491,20170531,1.7767138317263413
1492,20170601,1.6277570518481779
1493,20170602,1.1326770851752301
1494,20170605,1.6469615286090853
1495,20170606,0.9435148120909485
1496,20170607,1.888290835978026
1497,20170608,2.4821072610851513
1498,20170609,3.55146605846769
1499,20170612,1.3967702134455962
1500,20170613,1.0058558705042226
1501,20170614,1.3048659539638547
1502,20170615,1.1453526253034754
1503,20170616,2.5267309365524917
1504,20170619,6.136636167368017
1505,20170620,3.017443825788107
1506,20170621,1.3677762005920933
1507,20170622,1.5982864005214057
1508,20170623,1.2530175332942137
1509,20170626,1.8921316775571368
1510,20170627,3.038868419916899
1511,20170628,6.3345026833206175
1512,20170629,2.2040397184866327
1513,20170630,4.225924279740061
1514,20170703,1.5459820505393111
1515,20170704,4.50306595109176
1516,20170705,1.949257919506102
1517,20170706,1.533898774846383
1518,20170707,3.793894632318523
1519,20170710,1.6101330745100184
1520,20170711,1.8570701145436705
1521,20170712,1.4367552513905966
1522,20170713,2.848762326054321
1523,20170714,2.572080858609327
1524,20170717,1.1810392797920173
1525,20170718,1.284003201494728
1526,20170719,2.4213065830907285
1527,20170720,4.976438964696647
1528,20170721,14.02980781655724
1529,20170724,9.28758327540216
1530,20170725,3.4529106276856476
1531,20170726,6.148239434714954
1532,20170727,3.737505381229249
1533,20170728,3.8059127936501085
1534,20170731,3.162717452557421
1535,20170801,3.9953589129999316
1536,20170802,2.336133632674154
1537,20170803,1.7729094864491437
1538,20170804,1.6514623197993903
1539,20170807,3.7483212101499177
1540,20170808,2.5375570363713202
1541,20170809,3.137315860904977
1542,20170810,2.0080825128887336
1543,20170811,2.8811488004807586
1544,20170814,1.447065176412567
1545,20170815,3.3778397086212193
1546,20170816,1.902946306163285
1547,20170817,1.8837817278485358
1548,20170818,1.8728012013894333
1549,20170821,2.7072114985416142
1550,20170822,1.5241238233069925
1551,20170823,2.105330762122441
1552,20170824,2.3260424788980276
1553,20170825,1.6467996777608984
1554,20170828,1.0850709546618587
1555,20170829,1.7516775474714146
1556,20170830,2.0045025919503585
1557,20170831,1.768777043729904
1558,20170901,1.9366776662907808
1559,20170904,4.923829140554305
1560,20170905,2.620099518696739
1561,20170906,3.3568812171559546
1562,20170907,2.340770671301506
1563,20170908,2.2243715788381984
1564,20170911,2.4729266013037443
1565,20170912,2.1463097769416994
1566,20170913,2.0237295408021225
1567,20170914,2.4901813314738055
1568,20170915,1.4754523629517278
1569,20170918,1.2899824171222902
1570,20170919,3.7551628503148855
1571,20170920,1.4591476698869024
1572,20170921,2.4543993615098603
1573,20170922,0.9652441479402436
1574,20170925,1.9678269181688488
1575,20170926,1.5569795504903308
1576,20170927,3.0226363697742795
1577,20170928,2.024193646023598
1578,20170929,1.7410697836784121
1579,20171009,2.991261810499688
1580,20171010,1.2560285153676847
1581,20171011,1.7088835940025773
1582,20171012,2.343472143441631
1583,20171013,1.348281765346928
1584,20171016,0.9760341365701448
1585,20171017,1.3416540379340975
1586,20171018,1.0323101632789122
1587,20171019,2.770002194282188
1588,20171020,1.4129557665501071
1589,20171023,2.3527519526325205
1590,20171024,1.7826631624148057
1591,20171025,1.8362538778592687
1592,20171026,1.17914233775037
1593,20171027,1.611858053079941
1594,20171030,1.2103010966944296
1595,20171031,1.3291667399643123
1596,20171101,2.602830414358888
1597,20171102,2.048712590037006
1598,20171103,1.9450368910904252
1599,20171106,1.262566181294442
1600,20171107,1.4851850399633737
1601,20171108,1.6928553487423532
1602,20171109,1.8283402613986866
1603,20171110,2.1141262950813275
1604,20171113,9.772062286021823
1605,20171114,1.6510548155326996
1606,20171115,0.8020955524826576
1607,20171116,1.533260855962444
1608,20171117,0.976809309007652
1609,20171120,0.9511022912823568
1610,20171121,1.587786701821407
1611,20171122,0.921310614365129
1612,20171123,1.0325283979464586
1613,20171124,1.318200892371163
1614,20171127,0.7837982549833057
1615,20171128,0.8479610099446616
1616,20171129,1.5794175111864024
1617,20171130,1.2110026347690142
1618,20171201,1.1646058597338909
1619,20171204,1.7438137816260948
1620,20171205,1.242634446123439
1621,20171206,1.164693487784646
1622,20171207,1.6608486559902218
1623,20171208,0.9903652374897397
1624,20171211,2.1329693749435497
1625,20171212,1.7530328034600529
1626,20171213,1.0297760854105698
1627,20171214,1.2387668939809404
1628,20171215,1.1934923894392466
1629,20171218,0.7493113906806562
1630,20171219,1.1181759179009263
1631,20171220,1.2486605654620986
1632,20171221,1.3211281700232298
1633,20171222,1.6075004924991338
1634,20171225,1.5836816714867903
1635,20171226,0.7667958649992384
1636,20171227,4.798551338243993
1637,20171228,1.6231397894890642
1638,20171229,3.052576413226962
1639,20180102,1.5871839295779522
1640,20180103,0.8448884343345342
1641,20180104,2.9857184069861042
1642,20180105,6.727160676158386
1643,20180108,1.5820687646632234
1644,20180109,1.8317605410502518
1645,20180110,1.1057873647641976
1646,20180111,1.9425409644891112
1647,20180112,1.5721884139193176
1648,20180115,1.3912053457081741
1649,20180116,6.5408801612991585
1650,20180117,1.3093139032660812
1651,20180118,1.7381154371001808
1652,20180119,1.3546700323457446
1653,20180122,2.67894389400299
1654,20180123,2.856516550128993
1655,20180124,1.3450863615193687
1656,20180125,2.5876837418391863
1657,20180126,1.947665021183865
1658,20180129,1.4496995253564342
1659,20180130,1.9852420015046965
1660,20180131,0.7592988593094289
1661,20180201,1.4854543132348925
1662,20180202,2.1975269583801946
1663,20180205,1.7065645708367474
1664,20180206,1.1282104477696107
1665,20180207,0.8719441859951201
1666,20180208,1.0725124395274928
1667,20180209,0.9091744941924835
1668,20180212,0.7772406983116039
1669,20180213,1.201032820279463
1670,20180214,1.3385477233198635
1671,20180222,0.8243865126954831
1672,20180223,1.1619742755935778
1673,20180226,0.8756887467294251
1674,20180227,1.0898981057843782
1675,20180228,0.6538625509468964
1676,20180301,1.0978271041616752
1677,20180302,1.6375798210410841
1678,20180305,8.313948840818474
1679,20180306,1.3310542379401864
1680,20180307,1.20581486248519
1681,20180308,0.7867282068629442
1682,20180309,2.5582209854144393
1683,20180312,1.2136867835345193
1684,20180313,2.3368393580940165
1685,20180314,1.4708479631385207
1686,20180315,1.2732477637861537
1687,20180316,4.6378540440084794
1688,20180319,1.4708067121979793
1689,20180320,1.0074930466635086
1690,20180321,1.7211346391196705
1691,20180322,1.5454508607790205
1692,20180323,1.6526471015491795
1693,20180326,1.2840112861130244
1694,20180327,1.0453014885861123
1695,20180328,0.943527153733255
1696,20180329,1.3827986289893024
1697,20180330,0.7575628194632501
1698,20180402,1.2776383891587513
1699,20180403,1.2301518240683214
1700,20180404,1.165377380356603
1701,20180409,1.1331491406199041
1702,20180410,1.3708135721202714
1703,20180411,1.0998759284839983
1704,20180412,1.0451444419864364
1705,20180413,1.1095822743292953
1706,20180416,1.0831781103202114
1707,20180417,0.8239729367027628
1708,20180418,0.7910314111378003
1709,20180419,1.3406494672518994
1710,20180420,1.8067091721674922
1711,20180423,1.1458673431237505
1712,20180424,0.5959861657617359
1713,20180425,1.0002522748345641
1714,20180426,1.384619683289804
1715,20180427,4.18280993552872
1716,20180502,2.01615119024282
1717,20180503,0.9670996688563114
1718,20180504,1.110170641620465
1719,20180507,0.8374853729632288
1720,20180508,1.4115061879141138
1721,20180509,1.2272747748560533
1722,20180510,1.0685676889146127
1723,20180511,1.0276156870387632
1724,20180514,0.9671041797963004
1725,20180515,1.988137827945894
1726,20180516,1.5686586346021294
1727,20180517,1.871451488192622
1728,20180518,1.2246756138985775
1729,20180521,1.1042246945780763
1730,20180522,1.9871552667537407
1731,20180523,1.1189346159235187
1732,20180524,1.6857661707032228
1733,20180525,5.071580802997226
1734,20180528,2.292489697967233
1735,20180529,1.331251330013269
1736,20180530,0.7413999861337327
1737,20180531,0.7038936428319967
1738,20180601,0.7601269474577704
1739,20180604,0.8150105915337084
1740,20180605,0.8624775167349995
1741,20180606,2.9114571467790937
1742,20180607,1.1792333310494263
1743,20180608,1.4235903230914766
1744,20180611,0.854819850034943
1745,20180612,0.6195583670029364
1746,20180613,1.078878116735113
1747,20180614,1.2313320222423687
1748,20180615,1.0864639703312862
1749,20180619,1.556378141090277
1750,20180620,1.1095674964776485
1751,20180621,0.9601068853426619
1752,20180622,1.066204194649194
1753,20180625,1.6392870172627079
1754,20180626,0.8749758897248214
1755,20180627,0.6701807455170301
1756,20180628,0.7837441900641439
1757,20180629,0.8491395493834983
1758,20180702,1.040554986959941
1759,20180703,0.8064622268904763
1760,20180704,0.9040507995041387
1761,20180705,1.6390214554497653
1762,20180706,1.6305277484118046
1763,20180709,1.2857552165845472
1764,20180710,1.5874308633186587
1765,20180711,0.9418762836909185
1766,20180712,0.8705778286508808
1767,20180713,1.3781955403748691
1768,20180716,1.5884420111105042
1769,20180717,0.9652616900587173
1770,20180718,1.2603528453581567
1771,20180719,1.046969622106654
1772,20180720,1.0364115283318514
1773,20180723,1.0615978956340748
1774,20180724,1.0701563046134372
1775,20180725,1.8858828604155804
1776,20180726,2.440221291303685
1777,20180727,1.60149826467136
1778,20180730,1.7169869935200361
1779,20180731,1.5493919730339745
1780,20180801,1.0744942911220179
1781,20180802,1.2723383302425249
1782,20180803,0.7519377718908666
1783,20180806,1.0531606453011915
1784,20180807,1.0496283530146602
1785,20180808,1.0166313901866002
1786,20180809,0.8451286735027331
1787,20180810,1.0377501001592127
1788,20180813,1.0728542615441718
1789,20180814,1.3746615765654038
1790,20180815,0.9461365297143152
1791,20180816,0.9767997629797861
1792,20180817,0.888971871810786
1793,20180820,0.9038315015883426
1794,20180821,1.6829692609990872
1795,20180822,1.3829209262970454
1796,20180823,1.3292764078036945
1797,20180824,1.5060473202566784
1798,20180827,0.9460818773522348
1799,20180828,1.3751108049397922
1800,20180829,1.5034303060929977
1801,20180830,1.110870301997932
1802,20180831,2.0569787832139106
1803,20180903,1.143072484867239
1804,20180904,1.6628937487464752
1805,20180905,1.3376883136479394
1806,20180906,1.356903294967981
1807,20180907,1.1204101184167816
1808,20180910,0.7782181590124032
1809,20180911,1.3869865517656
1810,20180912,0.76740303744054
1811,20180913,1.2161457280453771
1812,20180914,1.5696749923359237
1813,20180917,0.9778896813932508
1814,20180918,0.9987574092335857
1815,20180919,0.6997230975207646
1816,20180920,1.9622073152227395
1817,20180921,1.160112285540024
1818,20180925,2.225873893579378
1819,20180926,0.8545506033564259
1820,20180927,1.109488322799955
1821,20180928,1.2102474582873792
1822,20181008,1.0336611657694168
1823,20181009,0.9515328337944647
1824,20181010,0.8562940286954522
1825,20181011,1.776649563047297
1826,20181012,1.6179931188966872
1827,20181015,1.0779022999442363
1828,20181016,1.0585501007794569
1829,20181017,0.7232383523790836
1830,20181018,0.7547552114802811
1831,20181019,1.6196791735339973
1832,20181022,1.1619767885558072
1833,20181023,0.9602158734324018
1834,20181024,1.1380515576066594
1835,20181025,1.0604477362207603
1836,20181026,1.9058466055737355
1837,20181029,1.2206492503477093
1838,20181030,0.6792911333562225
1839,20181031,0.8266537081084638
1840,20181101,0.8164882289784495
1841,20181102,0.7332558474184325
1842,20181105,4.937474313208753
1843,20181106,0.0
1844,20181107,6.2945877901029315
1845,20181108,9.022960165352194
1846,20181109,6.977510039053622
1847,20181112,4.011193840545397
1848,20181113,1.7216340659059852
1849,20181114,6.315120054643267
1850,20181115,5.792656475783775
1851,20181116,7.6521686926013395
1852,20181119,7.7305042510821815
1853,20181120,2.3467960514406796
1854,20181121,4.2709114075093355
1855,20181122,4.591504617679085
1856,20181123,1.3063941278733726
1857,20181126,2.441772775455858
1858,20181127,5.1265247494715664
1859,20181128,2.346947376739471
1860,20181129,2.490178604233377
1861,20181130,2.559936327996319
1862,20181203,1.9520397409052368
1863,20181204,5.251363473914356
1864,20181205,1.573135301678023
1865,20181206,1.740621525209866
1866,20181207,2.994302879633562
1867,20181210,1.9767341904789655
1868,20181211,3.384899524196589
1869,20181212,3.6944751509830023
1870,20181213,0.835707186763314
1871,20181214,2.9479281643864246
1872,20181217,3.2620021233668015
1873,20181218,1.9870360143288688
1874,20181219,3.039289415995035
1875,20181220,4.049000234347203
1876,20181221,2.911182554868901
1877,20181224,2.2835691452880162
1878,20181225,2.2614620458014185
1879,20181226,6.261897885432366
1880,20181227,1.858185540978036
1881,20181228,2.5231871858750683
1882,20190102,2.730515112732393
1883,20190103,4.094496326355216
1884,20190104,1.4959146048005805
1885,20190107,1.5308868171736916
1886,20190108,3.534113463522959
1887,20190109,2.710479285468273
1888,20190110,2.8328930439281956
1889,20190111,2.388544405961609
1890,20190114,2.377677885144524
1891,20190115,1.7566807481411115
1892,20190116,4.013695887860561
1893,20190117,3.9641195798388895
1894,20190118,2.4320725754881054
1895,20190121,1.0809375214018322
1896,20190122,2.43453704160925
1897,20190123,4.010920678744154
1898,20190124,1.9526511160320486
1899,20190125,1.919876728755746
1900,20190128,1.1636373209358486
1901,20190129,2.1180751631800847
1902,20190130,1.8818399060482314
1903,20190131,2.3495754207119046
1904,20190201,1.5616975887554043
1905,20190211,1.0847931686336818
1906,20190212,1.1936316923441928
1907,20190213,1.6348107315102482
1908,20190214,3.495084542647454
1909,20190215,1.8556980008541781
1910,20190218,0.8703849366100064
1911,20190219,1.6786265193543286
1912,20190220,1.4920806130200919
1913,20190221,1.9319562911791883
1914,20190222,3.0708375965966366
1915,20190225,1.823293529563284
1916,20190226,2.2829201500537795
1917,20190227,1.5466464203047463
1918,20190228,2.5981563814579482
1919,20190301,1.496535604751706
1920,20190304,0.9773856578498544
1921,20190305,4.015431909935067
1922,20190306,2.071476970595094
1923,20190307,1.701092681093494
1924,20190308,1.5613188611116462
1925,20190311,2.2857552781707087
1926,20190312,3.851264205280955
1927,20190313,3.3087430733426646
1928,20190314,2.725900073895088
1929,20190315,4.335281711915431
1930,20190318,3.2583147891932307
1931,20190319,4.350718479076732
1932,20190320,1.9177255538939584
1933,20190321,3.599795234377475
1934,20190322,3.624490328704959
1935,20190325,2.160125854433342
1936,20190326,1.7334526106304917
1937,20190327,1.775341074954778
1938,20190328,2.3308960548882327
1939,20190329,1.4438276701938195
1940,20190401,1.7375956944710498
1941,20190402,2.6910897601927575
1942,20190403,1.1666730311758051
1943,20190404,1.908394692428877
1944,20190408,1.869201310952597
1945,20190409,1.7941909499305464
1946,20190410,1.2751287863191876
1947,20190411,1.4568456670801935
1948,20190412,1.2999020388064626
1949,20190415,1.3624188477644579
1950,20190416,1.5531864180936616
1951,20190417,2.6333843108747117
1952,20190418,2.0762285512226915
1953,20190419,1.2775181648508607
1954,20190422,2.0450069760600678
1955,20190423,2.3186005301805346
1956,20190424,2.4586700928958067
1957,20190425,1.533039680356223
1958,20190426,1.95079831428694
1959,20190429,1.7613335533512
1960,20190430,2.2381712450964417
1961,20190506,1.0659898074765983
1962,20190507,1.679963534417584
1963,20190508,1.0319997496962225
1964,20190509,0.936167166869352
1965,20190510,1.2086429739133493
1966,20190513,1.1364965786838437
1967,20190514,2.483143203025046
1968,20190515,1.0487431043778928
1969,20190516,2.0172092390592993
1970,20190517,1.704535996031187
1971,20190520,0.9053990284043981
1972,20190521,1.4059142717515714
1973,20190522,1.574174594855424
1974,20190523,1.9968410626911814
1975,20190524,1.4606061118860285
1976,20190527,0.9864795348317162
1977,20190528,4.397810304727663
1978,20190529,1.787609634213401
1979,20190530,2.4576257955840446
1980,20190531,2.1213904279374547
1981,20190603,0.8928066795294987
1982,20190604,1.5517778192931853
1983,20190605,1.6271250808000075
1984,20190606,0.9100745169161428
1985,20190610,1.4478838851697862
1986,20190611,1.224744092575002
1987,20190612,1.3839100498883303
1988,20190613,1.3203978293399472
1989,20190614,1.2922504088793103
1990,20190617,1.2419586510134448
1991,20190618,1.1207057136571348
1992,20190619,1.4408358651062332
1993,20190620,1.1089729665383998
1994,20190621,1.3151716793774002
1995,20190624,1.8201954626647776
1996,20190625,1.2285815728228753
1997,20190626,0.9084135615675538
1998,20190627,1.3387354849613158
1999,20190628,1.1658533859164988
2000,20190701,0.8182784418892639
2001,20190702,1.1348660736677332
2002,20190703,1.0579704534634427
2003,20190704,1.1990836655348247
2004,20190705,1.2994141292590677
2005,20190708,0.9202739490385922
2006,20190709,1.623181946289612
2007,20190710,1.4226994103149428
2008,20190711,1.0457850576886367
2009,20190712,1.1514636833201959
2010,20190715,0.8030476432653771
2011,20190716,1.1475247866368241
2012,20190717,1.9179172820595516
2013,20190718,1.8846078070903667
2014,20190719,1.3881063455586522
2015,20190722,1.8912130285200648
2016,20190723,1.2120725503651415
2017,20190724,1.1237497028599621
2018,20190725,0.9845771626261305
2019,20190726,0.9866265842827777
2020,20190729,1.0844056166170961
2021,20190730,1.6773939508613196
2022,20190731,1.8389208316788241
2023,20190801,1.2700951547587214
2024,20190802,3.0003485554700045
2025,20190805,1.0983597798377838
2026,20190806,1.1390598795654718
2027,20190807,0.9674835071086278
2028,20190808,1.583000633694034
2029,20190809,1.1156231497193623
2030,20190812,1.1610718177978556
2031,20190813,0.9113022103487248
2032,20190814,0.886299216401824
2033,20190815,0.912588052417815
2034,20190816,0.7513122711455849
2035,20190819,1.0430462359608392
2036,20190820,2.303391587911023
2037,20190821,7.618711182576871
2038,20190822,2.19357364681824
2039,20190823,1.8476530133633418
2040,20190826,0.8989105794864528
2041,20190827,1.5501810821317288
2042,20190828,1.1155693543932872
2043,20190829,1.4508548079661894
2044,20190830,1.1160015790410553
2045,20190902,0.9468318266672325
2046,20190903,1.0603194589152556
2047,20190904,1.4065241673631987
2048,20190905,1.6941926123058606
2049,20190906,1.4514360817040344
2050,20190909,1.5725745336203245
2051,20190910,2.7580428332585862
2052,20190911,1.16585260223618
2053,20190912,1.8374833305086349
2054,20190916,1.5298713051285582
2055,20190917,1.2342529347339875
2056,20190918,1.3281791395782567
2057,20190919,1.2453660413493932
2058,20190920,2.069965423287818
2059,20190923,2.00776758405301
2060,20190924,1.0856008940804462
2061,20190925,2.3144106366331334
2062,20190926,1.1984274481752137
2063,20190927,0.9523763139518735
2064,20190930,1.7291485996351998
2065,20191008,2.216842403764122
2066,20191009,1.2652623660061089
2067,20191010,2.223158186402057
2068,20191011,1.8342239487002554
2069,20191014,2.4939731295124483
2070,20191015,1.4624808885327891
2071,20191016,2.297589605691902
2072,20191017,2.7568122266246635
2073,20191018,1.3582470845231136
2074,20191021,2.2843616130374653
2075,20191022,1.865092910532727
2076,20191023,1.0868967027623426
2077,20191024,2.6011549177874227
2078,20191025,2.506496916889921
2079,20191028,1.3334226932408986
2080,20191029,4.633284101786824
2081,20191030,4.578846234350975
2082,20191031,2.7453176615173955
2083,20191101,2.207545238528339
2084,20191104,1.7998785135264705
2085,20191105,1.5804794845450196
2086,20191106,2.1938719599914496
2087,20191107,1.0438461282740894
2088,20191108,1.6903651953365375
2089,20191111,1.5682857452459937
2090,20191112,1.7133556802287029
2091,20191113,1.756915522916361
2092,20191114,1.5673513348365016
2093,20191115,1.580472966176467
2094,20191118,1.2099469841887054
2095,20191119,1.5647533917663003
2096,20191120,1.3515106181203869
2097,20191121,1.65343307568448
2098,20191122,1.2352617816237412
2099,20191125,1.3675327650105173
2100,20191126,2.4109743820066427
2101,20191127,1.162547986008252
2102,20191128,1.4924785864911168
2103,20191129,1.0735448668602925
2104,20191202,2.000028439442099
2105,20191203,1.1143337728218807
2106,20191204,1.0734910831397366
2107,20191205,0.9539853093900366
2108,20191206,0.9748255660978088
2109,20191209,1.2911303797369709
2110,20191210,0.9450989980214811
2111,20191211,1.1898189686353227
2112,20191212,1.3727366846902251
2113,20191213,2.5325298189089196
2114,20191216,1.918435788507071
2115,20191217,2.0313110097204214
2116,20191218,5.949322204176318
2117,20191219,1.696447278179971
2118,20191220,1.3464135526572567
2119,20191223,1.6176152072218764
2120,20191224,0.9290053632972264
2121,20191225,0.9973134675456682
2122,20191226,1.1902159247523696
2123,20191227,0.9839412956358325
2124,20191230,0.7535425178752316
2125,20191231,2.6867668095446895
2126,20200102,1.1868487027995636
2127,20200103,1.4493961489876506
2128,20200106,1.5240820055077848
2129,20200107,3.874977077248648
2130,20200108,1.9643711797426149
2131,20200109,0.9743666847791687
2132,20200110,1.233975010770204
2133,20200113,1.1964885266015282
2134,20200114,1.32083420700948
2135,20200115,2.2050913625844637
2136,20200116,1.6514415745208886
2137,20200117,0.795729068788716
2138,20200120,1.3216503282164584
2139,20200121,1.4005606376422486
2140,20200122,1.2944282784907972
2141,20200123,0.9473756397419572
2142,20200203,0.0
2143,20200204,1.2902784988993043
2144,20200205,0.9960855151250175
2145,20200206,1.1053322197852462
2146,20200207,1.2554418542384607
2147,20200210,1.4062515925774142
2148,20200211,1.2656310963901052
2149,20200212,0.7600884366481799
2150,20200213,2.1726784580218794
2151,20200214,1.037852374132152
2152,20200217,1.5572675699769754
2153,20200218,2.0032152253383697
2154,20200219,2.996400520797441
2155,20200220,1.4975099230124747
2156,20200221,0.0
2157,20200224,0.0
2158,20200225,1.278640578303665
2159,20200226,3.4242882946688358
2160,20200227,9.648919113047862
2161,20200228,2.274323751531129
2162,20200302,1.6660682720420188
2163,20200303,2.5744242271117495
2164,20200304,2.3163291889013746
2165,20200305,3.0194876874763845
2166,20200306,1.8954475449487198
2167,20200309,2.175213886535309
2168,20200310,1.3530825520544398
2169,20200311,3.2375864550664226
2170,20200312,2.319461450529345
2171,20200313,1.2019451795030074
2172,20200316,1.880792408673681
2173,20200317,1.9229323853830935
2174,20200318,1.2100215132724035
2175,20200319,1.4605389319362996
2176,20200320,1.5840618477745216
2177,20200323,1.3040483875385942
2178,20200324,0.8848819815573514
2179,20200325,1.514680417751198
2180,20200326,1.6925921073193226
2181,20200327,4.859307061233563
2182,20200330,1.6212266885803754
2183,20200331,1.7857217212750012
2184,20200401,1.5040977866448344
2185,20200402,1.5782527458103028
2186,20200403,1.7918710496319525
2187,20200407,1.2711785704373217
2188,20200408,4.323082421379962
2189,20200409,1.7917803662409841
2190,20200410,1.6630122146475632
2191,20200413,3.3555201495024884
2192,20200414,1.0963902024760357
2193,20200415,2.3840411266626815
2194,20200416,1.05412587041917
2195,20200417,1.9477497970990794
2196,20200420,1.7554535600441532
2197,20200421,3.0856847771209948
2198,20200422,1.45101660740932
2199,20200423,3.463095052449811
2200,20200424,1.711851093271056
2201,20200427,4.49677212662839
2202,20200428,1.4175513821565366
2203,20200429,2.160779488640256
2204,20200430,1.6161945164536524
2205,20200506,1.5552859139721809
2206,20200507,3.0327065995731988
2207,20200508,1.4904631340521304
2208,20200511,2.1812263115880013
2209,20200512,1.1664386802848827
2210,20200513,0.8308007972277464
2211,20200514,2.488132901871447
2212,20200515,1.5504161655795459
2213,20200518,1.5331468615779136
2214,20200519,1.4652684840159047
2215,20200520,1.8515951764222547
2216,20200521,1.6523527824752378
2217,20200522,0.8992353454078675
2218,20200525,1.4659641180505016
2219,20200526,0.7334222658444022
2220,20200527,1.4797035256810989
2221,20200528,1.0872135399229166
2222,20200529,0.8382255639289687
2223,20200601,0.8172773071156628
2224,20200602,2.443255109182176
2225,20200603,1.8460315485764156
2226,20200604,2.8770190955611117
2227,20200605,2.0401815558793053
2228,20200608,2.440640057426539
2229,20200609,1.6972426302408978
2230,20200610,1.5072459944419312
2231,20200611,1.2478478943828561
2232,20200612,0.6556025244399843
2233,20200615,1.7707718722280368
2234,20200616,1.4399286810831364
2235,20200617,2.060244260201691
2236,20200618,1.537604883115723
2237,20200619,1.4050731915715151
2238,20200622,3.1466811197918405
2239,20200623,2.2160918101836398
2240,20200624,1.6789714422996933
2241,20200629,2.119972732853212
2242,20200630,0.6300052918003209
2243,20200701,0.87213553554677
2244,20200702,1.5217195346980599
2245,20200703,0.8475133948518893
2246,20200706,1.6302837250573332
2247,20200707,1.3458807869656129
2248,20200708,1.8839759854323597
2249,20200709,1.086171508442427
2250,20200710,3.1843601374258577
2251,20200713,2.269704785818216
2252,20200714,2.0311879409562392
2253,20200715,1.741528295141839
2254,20200716,1.125515276940734
2255,20200717,1.0190072476064664
2256,20200720,1.166038358426662
2257,20200721,1.4573679590405269
2258,20200722,4.143574327696628
2259,20200723,1.9881296325029068
2260,20200724,1.7614449806341845
2261,20200727,1.5054587517094775
2262,20200728,1.7550364862143866
2263,20200729,1.3667810090321706
2264,20200730,1.5532467787819333
2265,20200731,0.8999428561135775
2266,20200803,1.162841695815481
2267,20200804,1.2729001308524641
2268,20200805,1.3013233385007934
2269,20200806,1.2494121941591039
2270,20200807,1.6216308214086377
2271,20200810,1.648039170687493
2272,20200811,1.5813459166811867
2273,20200812,1.2797038349807828
2274,20200813,2.444628839174691
2275,20200814,1.4766525318500987
2276,20200817,1.0709581164395356
2277,20200818,1.3492208882239969
2278,20200819,1.9310967957679979
2279,20200820,1.450367966259112
2280,20200821,0.9904026057446261
2281,20200824,0.8010129798060143
2282,20200825,1.3943733382043881
2283,20200826,1.363643470583883
2284,20200827,1.0522636657155564
2285,20200828,0.9435961353826172
2286,20200831,1.0813134428245181
2287,20200901,1.9506437768443785
2288,20200902,1.4304223866202541
2289,20200903,1.184633904871804
2290,20200904,1.2378465371666456
2291,20200907,1.0080487334449224
2292,20200908,1.4295164676453924
2293,20200909,0.9912993655891391
2294,20200910,1.2157579529437843
2295,20200911,0.9792586559241059
2296,20200914,0.9524327788162087
2297,20200915,1.8349926162396484
2298,20200916,1.6072882763784138
2299,20200917,0.8067762826644276
2300,20200918,1.2157309669264282
2301,20200921,1.1311958763303067
2302,20200922,0.8030533650872025
2303,20200923,0.9552636450638368
2304,20200924,1.1145560457688248
2305,20200925,1.3315341466493944
2306,20200928,3.6254413905754976
2307,20200929,6.52080497865132
2308,20200930,3.878475793885078
2309,20201009,1.0276170630411694
2310,20201012,1.032674219989318
2311,20201013,1.364866147042993
2312,20201014,1.3182673509811487
2313,20201015,2.757257507615733
2314,20201016,1.242010607154329
2315,20201019,0.9948696364632045
2316,20201020,0.6635759111931757
2317,20201021,1.0142772915883622
2318,20201022,1.0562924423747841
2319,20201023,0.9690228801927877
2320,20201026,0.8223721841833962
2321,20201027,1.2925603229351734
2322,20201028,1.2853859059275174
2323,20201029,0.5337625017587729
2324,20201030,0.6653539751893527
2325,20201102,2.9266288795645456
2326,20201103,1.0074884286027308
2327,20201104,1.1700014073048324
2328,20201105,1.63993349215825
2329,20201106,1.5169611622460422
2330,20201109,1.1845994466429108
2331,20201110,1.2312133690536127
2332,20201111,1.2032020500144087
2333,20201112,1.339287471106003
2334,20201113,1.4837568110569666
2335,20201116,1.7991289987000654
2336,20201117,1.0424291638568135
2337,20201118,1.7511681679769773
2338,20201119,1.2921971237907137
2339,20201120,1.2775620039231916
2340,20201123,1.4414556126046292
2341,20201124,2.020047214794787
2342,20201125,1.7956615160531602
2343,20201126,1.067943568663265
2344,20201127,1.0314947274125792
2345,20201130,1.7022386427789364
2346,20201201,0.9073176601118231
2347,20201202,1.4339535312154887
2348,20201203,2.048682437566573
2349,20201204,1.1167791338499273
2350,20201207,3.2116309817779265
2351,20201208,1.9949889244245946
2352,20201209,1.0244452944761704
2353,20201210,1.8960547068650395
2354,20201211,0.956656419331785
2355,20201214,1.3256371299797052
2356,20201215,1.946725402343285
2357,20201216,1.4420156701303364
2358,20201217,1.3704153496331493
2359,20201218,1.9172790968609401
2360,20201221,0.906912963940086
2361,20201222,1.2449464941263122
2362,20201223,1.070006168273702
2363,20201224,0.7674234723768161
2364,20201225,1.2466118012668816
2365,20201228,3.5727173829998775
2366,20201229,1.5704501262718757
2367,20201230,1.0253440976050683
2368,20201231,0.9453485781743939
2369,20210104,0.9951229458733145
2370,20210105,2.3600014471574973
2371,20210106,1.0560361010849997
2372,20210107,1.4022488501509198
2373,20210108,1.4839656501325003
2374,20210111,0.9998388084931233
2375,20210112,1.5446096673211238
2376,20210113,1.5594521440064464
2377,20210114,0.9139829531507664
2378,20210115,0.6870892612330768
2379,20210118,1.370253650950236
2380,20210119,7.479353581575552
2381,20210120,3.5440733387493184
2382,20210121,1.4222213788405147
2383,20210122,1.478402248910975
2384,20210125,2.975552401195637
2385,20210126,1.6386986721759964
2386,20210127,3.4962030716887624
2387,20210128,1.7985402095324727
2388,20210129,1.2635354832285028
2389,20210201,2.0776181636318816
2390,20210202,2.0150833954369194
2391,20210203,2.10316722115048
2392,20210204,2.388983612612486
2393,20210205,2.140038148264736
2394,20210208,4.420311896372867
2395,20210209,1.2273361397067797
2396,20210210,2.2400742793837534
2397,20210218,2.6792207424767964
2398,20210219,0.9754448393876807
2399,20210222,2.0464006698191746
2400,20210223,6.997988844021375
2401,20210224,1.8737644147065278
2402,20210225,3.933839382031713
2403,20210226,1.6660002122761706
2404,20210301,1.8043411604743353
2405,20210302,2.199523835715923
2406,20210303,1.0393007909823537
2407,20210304,1.1751503070968394
2408,20210305,1.1623689235534274
2409,20210308,1.0940903351371902
2410,20210309,1.1277459578076545
2411,20210310,0.707081065401132
2412,20210311,0.958690490914307
2413,20210312,1.1433296081181814
2414,20210315,0.8233289333246003
2415,20210316,1.0181000010815089
2416,20210317,1.2698459874153383
2417,20210318,3.9155466914274246
2418,20210319,1.242193567276797
2419,20210322,3.5074707002355305
2420,20210323,1.652515501948072
2421,20210324,2.042197003058412
2422,20210325,2.2495131702221425
2423,20210326,1.0120693286553202
2424,20210329,2.0649215485583463
2425,20210330,2.6212138255175557
2426,20210331,1.1516734510234938
2427,20210401,1.1473804019083222
2428,20210402,1.6012996673390063
2429,20210406,1.3154878642086194
2430,20210407,1.416461060276214
2431,20210408,1.6391182167813028
2432,20210409,1.161831645999556
2433,20210412,1.4078454348747478
2434,20210413,4.502103904094339
2435,20210414,1.3945300189321133
2436,20210415,2.220992814145474
2437,20210416,0.5904639462677725
2438,20210419,0.8612259548589838
2439,20210420,0.993107062636338
2440,20210421,1.4081594537003888
2441,20210422,2.3737671965775236
2442,20210423,1.8248509090237741
2443,20210426,0.8317167857175507
2444,20210427,0.8123176425556874
2445,20210428,0.9062435773150411
2446,20210429,1.6388192008030171
2447,20210430,2.2741836184351456
2448,20210506,1.0381854028391548
2449,20210507,0.8182968928156946
2450,20210510,1.4687671916719838
2451,20210511,1.838098621222621
2452,20210512,1.0762635164460772
2453,20210513,1.2133618994564876
2454,20210514,1.128717359512061
2455,20210517,1.2086468213548374
2456,20210518,1.4185928507404546
2457,20210519,1.4833478785806486
2458,20210520,3.87086593092308
2459,20210521,1.8291605343028483
2460,20210524,2.173246668952373
2461,20210525,1.1961477629639097
2462,20210526,3.032645438299732
2463,20210527,1.7177780568477943
2464,20210528,1.8475713777480662
2465,20210531,1.4257376479131816
2466,20210601,1.0260832913776856
2467,20210602,3.1288636877358336
2468,20210603,1.8315263225328025
2469,20210604,2.2143648789915975
2470,20210607,4.763036294620752
2471,20210608,2.413268429498837
2472,20210609,1.4632215291212753
2473,20210610,5.351993574703694
2474,20210611,10.573873931882519
2475,20210615,2.9821688334809178
2476,20210616,3.309369817917559
2477,20210617,1.8714870359650755
2478,20210618,1.0547904058223725
2479,20210621,1.5824040654710814
2480,20210622,1.4181352421838533
2481,20210623,1.6372514055115497
2482,20210624,2.5339622080726083
2483,20210625,0.8305638325191426
2484,20210628,3.026829500628566
2485,20210629,2.901767679218078
2486,20210630,3.067669279311686
2487,20210701,1.266118626197188
2488,20210702,1.4641419778881242
2489,20210705,0.8426908573169521
2490,20210706,0.5002279127976608
2491,20210707,1.3058660529600015
2492,20210708,1.7768552317219326
2493,20210709,5.449236559750792
2494,20210712,2.7919632917412036
2495,20210713,6.8821761555267
2496,20210714,2.8987679505575086
2497,20210715,3.0843360996038736
2498,20210716,9.900769851638367
2499,20210719,12.850920685077718
2500,20210720,8.765507420001917
2501,20210721,9.16616186377374
2502,20210722,12.880652166979889
2503,20210723,4.6958580555134315
2504,20210726,1.4450779674793905
2505,20210727,3.4930002439882157
2506,20210728,3.017591596745847
2507,20210729,5.327702444478389
2508,20210730,4.672251897349882
2509,20210802,3.674669415122282
2510,20210803,4.623870013084661
2511,20210804,9.070266412177062
2512,20210805,8.804545046037878
2513,20210806,7.277746886812237
2514,20210809,4.676903442440094
2515,20210810,3.4409526942213877
2516,20210811,9.681133364426866
2517,20210812,9.738031314321596
2518,20210813,9.04381179849943
2519,20210816,5.826901234065222
2520,20210817,2.5352799111638373
2521,20210818,5.870693357873129
2522,20210819,5.895621584379089
2523,20210820,2.3334112343996973
2524,20210823,3.192993361474271
2525,20210824,11.081468610690848
2526,20210825,7.144628880594799
2527,20210826,11.086412110096656
2528,20210827,17.12132062686691
2529,20210830,5.792327598610788
2530,20210831,5.77682647451031
2531,20210901,5.84036472148061
2532,20210902,5.064178479714397
2533,20210903,5.753563466932653
2534,20210906,5.269727737707532
2535,20210907,3.2126506048131094
2536,20210908,4.879820050683768
2537,20210909,8.542033828861056
2538,20210910,2.488126678734151
2539,20210913,8.320921345656181
2540,20210914,7.024097140208897
2541,20210915,7.853046046687684
2542,20210916,3.0517878932646743
2543,20210917,4.497058036857066
2544,20210922,2.4250750870217863
2545,20210923,5.755246626557215
2546,20210924,3.8433008296827404
2547,20210927,2.6062062053604698
2548,20210928,3.4466382066958605
2549,20210929,3.4633514168365194
2550,20210930,5.960695450040295
2551,20211008,6.7525074492765444
2552,20211011,6.309023270908174
2553,20211012,2.486146828315787
2554,20211013,2.1005470651687417
2555,20211014,6.266964498450815
2556,20211015,7.517097989681334
2557,20211018,4.220921150005292
2558,20211019,5.429056814669881
2559,20211020,9.280154035765467
2560,20211021,6.914193451142482
2561,20211022,5.32290933752212
2562,20211025,5.751695666761552
2563,20211026,9.159970766397178
2564,20211027,4.900632626593869
2565,20211028,4.246477619016186
2566,20211029,3.7018860154055684
2567,20211101,4.587521805350316
2568,20211102,4.265468468181855
2569,20211103,7.728997561867338
2570,20211104,8.224330449535543
2571,20211105,5.8820136667050384
2572,20211108,6.96215560723576
2573,20211109,6.015245070498014
2574,20211110,3.6692269977137117
2575,20211111,4.585046665667139
2576,20211112,12.152386029769318
2577,20211115,12.524576672314938
2578,20211116,5.470309342942932
2579,20211117,2.60466091789147
2580,20211118,4.395879125713294
2581,20211119,3.2483926652630917
2582,20211122,6.2033563658661945
2583,20211123,8.577687567761421
2584,20211124,8.470739414536993
2585,20211125,5.219352626455317
2586,20211126,6.376247486263753
2587,20211129,3.127735049574728
2588,20211130,2.2535179401535252
2589,20211201,3.6009617779243626
2590,20211202,3.617705486214001
2591,20211203,2.393808514274259
2592,20211206,3.181937784036634
2593,20211207,2.776762674842825
2594,20211208,1.8686346810121421
2595,20211209,3.79062072919661
2596,20211210,5.860555941150484
2597,20211213,4.683683583334321
2598,20211214,6.899911293335974
2599,20211215,2.683739809666845
2600,20211216,1.9478366990826441
2601,20211217,3.223199045418313
2602,20211220,1.9787439267376765
2603,20211221,1.9517605002920833
2604,20211222,12.007159437605559
2605,20211223,13.464827614027563
2606,20211224,3.4275724622969475
2607,20211227,3.021726414857993
2608,20211228,3.480767516493684
2609,20211229,5.7421540847773676
2610,20211230,2.471287439479474
2611,20211231,8.002304345763154
2612,20220104,4.455318385508001
2613,20220105,3.7161747131346003
2614,20220106,1.7550078193581702
2615,20220107,2.641269102262269
2616,20220110,2.2486936726745497
2617,20220111,1.9449300442598867
2618,20220112,1.8190217034434557
2619,20220113,4.7086265768212945
2620,20220114,2.8845762450147734
2621,20220117,3.9200000592720228
2622,20220118,2.357736696429199
2623,20220119,2.171850701429419
2624,20220120,2.6509237862890647
2625,20220121,2.9993295330663354
2626,20220124,2.0515980517935173
2627,20220125,1.1858002726869612
2628,20220126,3.1450263422808162
2629,20220127,2.0889371097873903
2630,20220128,2.0956924920656816
2631,20220207,3.036808453264305
2632,20220208,1.8516353112925883
2633,20220209,1.1115282507091535
2634,20220210,2.437689169359805
2635,20220211,2.2627487039275294
2636,20220214,2.3239156833306716
2637,20220215,2.720523418370451
2638,20220216,2.523056760330728
2639,20220217,5.5202431659682905
2640,20220218,1.5479268842836695
2641,20220221,2.047825445484781
2642,20220222,1.912193076674579
2643,20220223,3.0237432882253024
2644,20220224,1.8915478833834718
2645,20220225,2.8891669743594792
2646,20220228,2.1140318023912243
2647,20220301,6.021545598174457
2648,20220302,2.6105009632008067
2649,20220303,3.905637657867852
2650,20220304,2.012252694056678
2651,20220307,2.198102293538894
2652,20220308,2.71121630698245
2653,20220309,1.3303592102805097
2654,20220310,3.530945718314532
2655,20220311,1.032292160336836
2656,20220314,1.4224856071082095
2657,20220315,1.4354561708288283
2658,20220316,1.269721599547898
2659,20220317,1.68875573681922
2660,20220318,1.1747499147325637
2661,20220321,4.646546605359879
2662,20220322,1.6193077042104473
2663,20220323,2.3893792393600366
2664,20220324,2.2001154733322132
2665,20220325,2.024114710899542
2666,20220328,1.4947156868243037
2667,20220329,2.104986671525354
2668,20220330,1.8175231662088926
2669,20220331,2.2015545921509854
2670,20220401,1.9142261562110705
2671,20220406,1.6028041828547817
2672,20220407,1.5984424305893126
2673,20220408,1.8953963255586768
2674,20220411,1.7618897078222535
2675,20220412,1.7100083983433034
2676,20220413,2.0634905005008224
2677,20220414,1.213241164353258
2678,20220415,1.4451168010037352
2679,20220418,1.3622859333573398
2680,20220419,3.2091127063438627
2681,20220420,1.9327276465134566
2682,20220421,1.6953803868547588
2683,20220422,1.8041407538027694
2684,20220425,1.4137343560535112
2685,20220426,1.8195614772057258
2686,20220427,1.7126495828250174
2687,20220428,1.6032283815821349
2688,20220429,1.230073971355175
2689,20220505,1.5000408181224785
2690,20220506,1.0706367351174593
2691,20220509,1.7783941872034166
2692,20220510,1.824365830588426
2693,20220511,1.8646754620053596
2694,20220512,1.803368477608906
2695,20220513,2.162438807962534
2696,20220516,2.5678658546637916
2697,20220517,2.5669168912456573
2698,20220518,1.9113378761481978
2699,20220519,3.356194144413892
2700,20220520,5.069066813589612
2701,20220523,0.0
2702,20220524,2.648125594182223
2703,20220525,3.9560136683345397
2704,20220526,4.213744526199604
2705,20220527,7.011521172957155
2706,20220530,3.153009672428196
2707,20220531,1.724739871276513
2708,20220601,2.7552933620976328
2709,20220602,6.073566682586349
2710,20220606,4.337690476528722
2711,20220607,3.6701695293952006
2712,20220608,5.006738849141217
2713,20220609,2.3230301749446447
2714,20220610,3.3396325550973294
2715,20220613,3.8178875415204403
2716,20220614,1.1947632999371502
2717,20220615,2.7366622484689325
2718,20220616,2.255788268385133
2719,20220617,3.155364887580048
2720,20220620,2.115527988046488
2721,20220621,1.8332018830684629
2722,20220622,2.8151521881611608
2723,20220623,2.5918597545547564
2724,20220624,4.487782232052287
2725,20220627,11.820357519365684
2726,20220628,2.8961306287277697
2727,20220629,3.7808906731594822
2728,20220630,2.4389378983693493
2729,20220701,2.256261787223759
2730,20220704,4.22426876082669
2731,20220705,1.9929077872956535
2732,20220706,2.1510820100014167
2733,20220707,4.508937483329042
2734,20220708,4.553808673480939
2735,20220711,3.491598324248625
2736,20220712,2.499752093544087
2737,20220713,1.8147742536741884
2738,20220714,2.3238452213052647
2739,20220715,2.0228348671869205
2740,20220718,1.3981429307496933
2741,20220719,2.044424027300357
2742,20220720,2.787699900389359
2743,20220721,2.0311346661860767
2744,20220722,1.8950283031975816
2745,20220725,2.8194027517421048
2746,20220726,1.9799897509715227
2747,20220727,1.4941442214678302
2748,20220728,4.683459724700271
2749,20220729,2.080466925528738
2750,20220801,1.4740026427809563
2751,20220802,1.8542949421412296
2752,20220803,2.3747902300667043
2753,20220804,1.5884648305072457
2754,20220805,1.8797174405947368
2755,20220808,1.1268872274395494
2756,20220809,2.5583729001564732
2757,20220810,4.165837369582983
2758,20220811,6.360990158844281
2759,20220812,2.8927860773757805
2760,20220815,1.9061980706353132
2761,20220816,2.853505147834254
2762,20220817,2.2082719533699744
2763,20220818,5.993521278469808
2764,20220819,2.154847783379308
2765,20220822,1.74620188443153
2766,20220823,6.939501555272305
2767,20220824,1.9419572923019732
2768,20220825,2.360664618867883
2769,20220826,1.7990892994333187
2770,20220829,1.3244447784196136
2771,20220830,2.445866940305907
2772,20220831,2.3170348764375106
2773,20220901,2.080512768077989
2774,20220902,1.436560676276145
2775,20220905,1.669109263292602
2776,20220906,1.5424702857776558
2777,20220907,2.3351923805117694
2778,20220908,2.0109090673626504
2779,20220909,1.4720457308243795
2780,20220913,1.4756238492323075
2781,20220914,1.5415953722743898
2782,20220915,1.5141787501302375
2783,20220916,1.5071017439804177
2784,20220919,1.6590344604248493
2785,20220920,1.3212184875387039
2786,20220921,1.7715261903322213
2787,20220922,1.0597151944036631
2788,20220923,0.8760930413623095
2789,20220926,1.3342447708861958
2790,20220927,1.2820377892252661
2791,20220928,1.2637186022362583
2792,20220929,1.4747181221544108
2793,20220930,0.8655954244823169
2794,20221010,1.5817905532888488
2795,20221011,1.5746148135325122
2796,20221012,1.225242536338772
2797,20221013,1.1717586692977444
2798,20221014,1.7364773530473099
2799,20221017,0.9329071363385307
2800,20221018,1.3731635831602438
2801,20221019,2.1003467654981023
2802,20221020,1.1492956465465858
2803,20221021,1.943351742496232
2804,20221024,1.4099549857810647
2805,20221025,1.7302224092487979
2806,20221026,1.1394595461758878
2807,20221027,3.1724681047215935
2808,20221028,0.9873420560815098
2809,20221031,1.433114121654653
2810,20221101,0.849623145797761
2811,20221102,1.0540741677447953
2812,20221103,3.3015238240994647
2813,20221104,1.9584637611781635
2814,20221107,1.5177693828520997
2815,20221108,2.182049427319387
2816,20221109,1.608109905123281
2817,20221110,1.4532048560223016
2818,20221111,1.2505794014454357
2819,20221114,1.594748875148387
2820,20221115,0.8738294484175858
2821,20221116,1.2448401751688374
2822,20221117,1.6180949409478291
2823,20221118,1.2410912092566844
2824,20221121,1.980180744774981
2825,20221122,1.2166320726918773
2826,20221123,1.4254098554447776
2827,20221124,1.550537810820902
2828,20221125,1.424192823351245
2829,20221128,1.6841674978595038
2830,20221129,1.553228542352426
2831,20221130,1.6838057791060406
2832,20221201,1.805970126660836
2833,20221202,1.5938031627268696
2834,20221205,2.0467154621839665
2835,20221206,1.7687268224652515
2836,20221207,1.3524508434640397
2837,20221208,1.5139546807151594
2838,20221209,1.6526530066297165
2839,20221212,2.717437124743404
2840,20221213,1.675257088107809
2841,20221214,2.03913614894672
2842,20221215,2.095417370470603
2843,20221216,1.657999310478947
2844,20221219,1.4664273932274103
2845,20221220,1.691853014916702
2846,20221221,1.1573467858632844
2847,20221222,1.3908751742788088
2848,20221223,1.5280238573572678
2849,20221226,1.2429397386147558
2850,20221227,2.3582163479951683
2851,20221228,1.706354053630682
2852,20221229,2.556513168633
2853,20221230,1.6804714793531434
2854,20230103,1.2404850718394684
2855,20230104,2.3441341185389284
2856,20230105,1.0798838281600798
2857,20230106,1.7417852799457105
2858,20230109,3.2187671084313676
2859,20230110,2.349861006513978
2860,20230111,1.5761362055618786
2861,20230112,2.3059418541932177
2862,20230113,1.3943709248847296
2863,20230116,1.1132838766119446
2864,20230117,1.3448951643804088
2865,20230118,1.6500100722973357
2866,20230119,3.5599255852679272
2867,20230120,1.3884316554938712
2868,20230130,2.309589192043969
2869,20230131,2.247918040802403
2870,20230201,1.6192902569119394
2871,20230202,2.5253876336742893
2872,20230203,1.731890284179925
2873,20230206,1.5850271927276023
2874,20230207,3.3260624975007587
2875,20230208,10.051240872379012
2876,20230209,1.4584784941962645
2877,20230210,3.535043674546491
2878,20230213,2.4794603810610645
2879,20230214,9.142061275875594
2880,20230215,2.7905011898496874
2881,20230216,1.3846578366596438
2882,20230217,2.340233049536487
2883,20230220,1.0975973189611266
2884,20230221,2.0283968957727803
2885,20230222,2.0730276447474
2886,20230223,2.3613925821034525
2887,20230224,1.4019863291886239
2888,20230227,1.2871205237953554
2889,20230228,1.5642483995370258
2890,20230301,1.19061378843495
2891,20230302,3.25194314538882
2892,20230303,1.6258114867182207
2893,20230306,1.8289829282848025
2894,20230307,1.4284208702781547
2895,20230308,1.557708055999039
2896,20230309,1.6960612952620602
2897,20230310,1.6338213525622918
2898,20230313,1.5132995205711781
2899,20230314,1.4093794831491744
2900,20230315,2.7591069411210483
2901,20230316,1.3786051280413034
2902,20230317,1.3949077347606298
2903,20230320,3.7737128249273266
2904,20230321,0.8525371803028426
2905,20230322,5.242650698415158
2906,20230323,2.6830246804415263
2907,20230324,3.0252324916248385
2908,20230327,2.691855893418523
2909,20230328,1.9611678499643679
2910,20230329,2.16140731210438
2911,20230330,1.5119313719213132
2912,20230331,1.9622720737672312
2913,20230403,0.9832568333886623
2914,20230404,2.298441120452747
2915,20230406,2.248799315056436
2916,20230407,2.236526826789396
2917,20230410,2.151129431022727
2918,20230411,2.1778964779594947
2919,20230412,2.2089453627869697
2920,20230413,1.378335628240025
2921,20230414,2.9129069284414713
2922,20230417,1.7803698748360175
2923,20230418,1.7708845580953865
2924,20230419,2.3153258717758334
2925,20230420,1.9817081300866854
2926,20230421,1.0926429007849268
2927,20230424,1.2641127662462794
2928,20230425,1.5415428775672675
2929,20230426,1.3929979827529153
2930,20230427,1.3047768693883983
2931,20230428,1.4837113322449114
2932,20230504,1.9801316897505152
2933,20230505,1.8777475410247328
2934,20230508,1.8255473795585642
2935,20230509,1.4226791813328286
2936,20230510,1.0299414640008633
2937,20230511,1.3685540408640986
2938,20230512,1.3253376661414722
2939,20230515,0.9775185511570009
2940,20230516,2.317163291695003
2941,20230517,2.645766568912887
2942,20230518,1.8368076713915371
2943,20230519,1.2255588075297659
2944,20230522,1.2279703680737368
2945,20230523,1.5646694953775386
2946,20230524,0.8256829669354434
2947,20230525,1.7018625210994103
2948,20230526,1.374894943950427
2949,20230529,3.033249424947216
2950,20230530,1.416577896729602
2951,20230531,1.7843698835965127
2952,20230601,1.9786062253660395
2953,20230602,1.0350421029327013
2954,20230605,2.154138712739503
2955,20230606,0.9774455286472373
2956,20230607,1.2260280060007902
2957,20230608,1.0968033401996602
2958,20230609,1.3795179923805516
2959,20230612,1.5165833191876095
2960,20230613,2.5917813231277935
2961,20230614,1.5922142196613998
2962,20230615,1.384406203861599
2963,20230616,2.227552383758962
2964,20230619,3.067535070181138
2965,20230620,1.8631961917533955
2966,20230621,1.3781411479212105
2967,20230626,0.9051372914438364
2968,20230627,0.9421103505160601
2969,20230628,1.1372294626641468
2970,20230629,1.1189480304455406
2971,20230630,3.1495114773836037
2972,20230703,1.6248750723593455
2973,20230704,2.943158620837488
2974,20230705,1.547152738790974
2975,20230706,3.4017454781513776
2976,20230707,2.160442848357358
2977,20230710,2.4025891408652256
2978,20230711,1.1870321345271593
2979,20230712,1.5359640386207671
2980,20230713,1.6577862600635773
2981,20230714,1.9778623404937024
2982,20230717,1.4237557713539457
2983,20230718,1.250538945354764
2984,20230719,1.1641038680117486
2985,20230720,1.1744224487723753
