,date,rating
0,20061101,0.7641697073039686
1,20061102,1.1656120570705475
2,20061103,1.5835068853162981
3,20061106,1.385700580796326
4,20061107,0.9841369446375623
5,20061108,0.9111125943270708
6,20061109,1.4629438214451729
7,20061110,1.2532961417441415
8,20061113,1.1255425382578963
9,20061114,1.1804138164866693
10,20061115,0.9468895107424895
11,20061116,0.5706934158103147
12,20061117,0.7808902121122311
13,20061120,1.0401564910114014
14,20061121,1.073042280325996
15,20061122,1.6117083132031107
16,20061123,0.8524562694647397
17,20061124,0.9240484069790117
18,20061127,0.924421530026753
19,20061128,0.7177574174051063
20,20061129,0.5652478710942598
21,20061130,0.7276195560471519
22,20061201,0.7250764113066503
23,20061204,0.8415297953369604
24,20061205,2.2473858783801375
25,20061206,0.7569028400729737
26,20061207,0.7273429882566878
27,20061208,0.6007755095098891
28,20061211,0.42620663922209995
29,20061212,0.758613735863795
30,20061213,0.48741383696020774
31,20061214,0.86167224838435
32,20061215,0.6597077979889124
33,20061218,0.6876950761790679
34,20061219,0.8795882552689342
35,20061220,0.8009997815737256
36,20061221,0.9400312440954639
37,20061222,1.0665949562418542
38,20061225,1.215907712145048
39,20061226,0.9508497199883567
40,20061227,0.9655895075418104
41,20061228,0.4240571797903454
42,20061229,0.8536673240612044
43,20070104,0.46370692431756066
44,20070108,0.6732682870363589
45,20070109,1.1518501824550735
46,20070110,0.596275113849319
47,20070111,0.7040549827715337
48,20070112,0.8230978699943459
49,20070115,0.789891820570016
50,20070116,0.6592938175614131
51,20070117,0.9547364351428894
52,20070118,0.8456297760195879
53,20070119,2.3637984280288387
54,20070122,1.3915394333766216
55,20070123,0.99938607981559
56,20070124,1.1944413920346306
57,20070125,0.6966022060280308
58,20070126,0.8190107944157633
59,20070129,1.2554151878529627
60,20070130,0.6841159573447689
61,20070131,0.6705669110108178
62,20070201,0.6611702005169079
63,20070202,0.9235079162422365
64,20070205,0.80785290275428
65,20070206,0.4794335835617757
66,20070207,0.565450987744563
67,20070208,1.8897860697932745
68,20070209,0.5560846564279632
69,20070212,0.5112169335042729
70,20070213,0.8546134078970996
71,20070214,0.5338405303343635
72,20070215,1.0275954306142172
73,20070216,0.8420941308575743
74,20070226,0.9838194983528025
75,20070227,0.9846995570152384
76,20070228,0.9949053484348725
77,20070301,1.0503152166044933
78,20070302,0.7501028146860259
79,20070305,1.52757277306104
80,20070306,0.6738633310470871
81,20070307,2.123195346961372
82,20070308,1.9185100647931772
83,20070309,1.231616664069333
84,20070312,3.527456124242841
85,20070313,1.8799813597752206
86,20070314,1.7891177499404523
87,20070315,1.8819801876235644
88,20070316,2.03072497441942
89,20070319,1.577038000317518
90,20070320,1.285095705140673
91,20070321,1.138654501100622
92,20070322,0.9728864582561746
93,20070323,1.112840989145348
94,20070326,0.6761799693009557
95,20070327,0.6918938675516452
96,20070328,1.0841138419383924
97,20070329,0.465221791299341
98,20070330,2.2400946839391382
99,20070402,1.2291945697727336
100,20070403,2.1039249200154493
101,20070404,1.4588240973725428
102,20070405,0.8003164054145728
103,20070409,1.758349812022507
104,20070410,1.0551218881197348
105,20070411,1.1717833619024853
106,20070412,2.338076110522082
107,20070413,2.1947946309639006
108,20070416,3.0303225522925805
109,20070417,1.5064979887375458
110,20070418,1.4228284401482516
111,20070419,1.0089295818411186
112,20070420,0.9821332449041211
113,20070423,1.246594235339767
114,20070424,0.7034232767121246
115,20070425,0.9247724107483495
116,20070426,0.7803226447575571
117,20070427,0.6022521805495533
118,20070430,0.9336567543481706
119,20070508,1.0010983484742026
120,20070509,0.988195847479574
121,20070510,0.42536152304143277
122,20070511,0.9309356815316613
123,20070514,1.240686006781279
124,20070515,0.6941241528616917
125,20070516,0.9955300488018238
126,20070517,1.2138834092378643
127,20070518,1.2617390741691377
128,20070521,2.1751977274434466
129,20070522,1.496110698344309
130,20070523,0.8370989643504442
131,20070524,1.090850965694085
132,20070525,1.7005034762863558
133,20070528,0.9962875531190973
134,20070529,1.3759843183669533
135,20070530,1.0204242970727735
136,20070531,0.9269160358851418
137,20070601,0.9005257939128652
138,20070604,1.2192127833820914
139,20070605,1.2667944672703966
140,20070606,0.8151892825829301
141,20070607,1.8709717014722762
142,20070608,0.8256867155359577
143,20070611,1.0326322798220218
144,20070612,1.1786236906579133
145,20070613,1.6881321114851546
146,20070614,1.0821539212561722
147,20070615,1.5871202053582223
148,20070618,0.6945699142373976
149,20070619,1.614837204330164
150,20070620,1.593722709062887
151,20070621,1.1630222216947295
152,20070622,1.2730173377213685
153,20070625,1.2501148926095225
154,20070626,1.8392611465499153
155,20070627,1.1279280814501478
156,20070628,1.4496094620806523
157,20070629,1.37759051685211
158,20070702,1.2481081759857942
159,20070703,0.5936082196212641
160,20070704,1.3416247835920994
161,20070705,1.4460747229411022
162,20070706,1.3375280419574787
163,20070709,0.6676386114649144
164,20070710,1.252092990401298
165,20070711,1.394456509033315
166,20070712,1.0496537936727401
167,20070713,0.726920161866996
168,20070716,1.1421127731527771
169,20070717,0.6501428331396387
170,20070718,0.5238030996767027
171,20070719,0.7983800386136639
172,20070720,0.843391086342163
173,20070723,1.3596865791440962
174,20070724,1.1755750884944007
175,20070725,1.070085994397255
176,20070726,1.0865723064257105
177,20070727,1.6005594860037582
178,20070730,1.1717818074802064
179,20070731,1.3297671026898155
180,20070801,1.0921912952991895
181,20070802,1.2611008420705074
182,20070803,0.7137405643111084
183,20070806,1.3032050224586227
184,20070807,1.2435456783570256
185,20070808,1.02286988713057
186,20070809,0.8766481055274513
187,20070810,0.5817794615211599
188,20070813,0.7489354439151329
189,20070814,0.8621419664801858
190,20070815,0.7486251359686854
191,20070816,0.928423522278427
192,20070817,0.3093030019333285
193,20070820,0.6874335761333872
194,20070821,0.3788909968889115
195,20070822,1.0715090272740098
196,20070823,0.6154544744835211
197,20070824,0.6159620453085957
198,20070827,0.8609916654301153
199,20070828,1.6126623754909393
200,20070829,1.4823867218625522
201,20070830,1.0998131974388556
202,20070831,0.9613174047521348
203,20070903,0.43750820644601374
204,20070904,1.0348337308246536
205,20070905,0.6630845973326961
206,20070906,0.7730395026322866
207,20070907,0.6263545066022971
208,20070910,0.5788722420625875
209,20070911,1.0091156712444136
210,20070912,0.9188207007483269
211,20070913,0.5344725389852061
212,20070914,0.6908920642227503
213,20070917,0.9444105926650591
214,20070918,0.8154334328080712
215,20070919,0.7760519683249602
216,20070920,0.708912107558808
217,20070921,1.5418599220798206
218,20070924,0.7789419317181548
219,20070925,0.5838213536769055
220,20070926,0.7758028650275979
221,20070927,0.4180562373303057
222,20070928,0.4242545727308747
223,20071008,0.6657171963283746
224,20071009,1.0872343724618374
225,20071010,0.4853665477042005
226,20071011,0.6343368188087866
227,20071012,0.9967199578744035
228,20071016,0.8690739695749888
229,20071017,1.5205933751275418
230,20071018,0.9700556523012883
231,20071019,0.849582689317208
232,20071022,0.8977035118101176
233,20071023,1.283746084476102
234,20071024,0.5003738204366379
235,20071025,1.4392538764829752
236,20071026,1.184500710088801
237,20071029,1.3123651878833533
238,20071030,1.047179011758638
239,20071031,1.8639067359670771
240,20071101,0.854745199667054
241,20071102,0.9600902097827301
242,20071105,0.4107027636248629
243,20071106,0.4826595635806045
244,20071107,1.4560646823747112
245,20071108,0.6384026887657037
246,20071109,0.49463313501972334
247,20071112,1.5228152139703135
248,20071113,0.5315022656639891
249,20071114,0.7054917949039047
250,20071115,0.5861870299605847
251,20071116,0.7977858440680293
252,20071119,2.65635197134213
253,20071120,1.1359134315954615
254,20071121,0.714357926710102
255,20071122,1.2776586636712897
256,20071123,1.0714251385515081
257,20071126,1.0044557193270456
258,20071127,0.8884298059635477
259,20071128,0.921905361019881
260,20071129,0.5890981894769295
261,20071130,0.9494574993555026
262,20071203,1.150269095895114
263,20071204,1.2083799068802965
264,20071205,0.578312595681538
265,20071206,2.4225676431520986
266,20071207,3.718089911738737
267,20071210,1.447083667526823
268,20071211,0.8097543535481451
269,20071212,1.0936594857930018
270,20071213,1.4571501782223715
271,20071214,1.1917131545189068
272,20071217,0.7786574328481182
273,20071218,1.3316421058322214
274,20071219,1.4277374121811324
275,20071220,1.3852143503199674
276,20071221,0.8207940088125035
277,20071224,0.92138459993421
278,20071225,0.8342226848486949
279,20071226,1.1799272940826582
280,20071227,0.8858018329507455
281,20071228,1.2589455911422456
282,20080102,1.6473450150005868
283,20080103,1.2575035023378636
284,20080104,0.8015367846354615
285,20080107,1.390014195036124
286,20080108,1.6146090054958337
287,20080109,0.869762107286101
288,20080110,0.810361238838181
289,20080111,1.51114680819244
290,20080114,1.1856270785882188
291,20080115,1.2830628088219864
292,20080116,1.0449350218360114
293,20080117,1.0325464843314087
294,20080118,0.7715958812842137
295,20080121,0.9065239569561875
296,20080122,1.963375746207329
297,20080123,1.4355122022100566
298,20080124,1.0089316586540398
299,20080125,1.9056097916505974
300,20080128,1.491928130250107
301,20080129,1.7300182997520606
302,20080130,1.4968562393656677
303,20080131,1.9659963783484158
304,20080201,1.2617696302785304
305,20080204,0.9910246597241695
306,20080205,1.0984524686949002
307,20080213,1.6065565565029922
308,20080214,2.8341273425908957
309,20080215,1.0924202306903619
310,20080218,1.3711849925821427
311,20080219,1.6055743707840466
312,20080220,0.9004130965269243
313,20080221,2.0215977019290183
314,20080222,1.3417111786270168
315,20080225,1.2615496207208323
316,20080226,1.0111003193776233
317,20080227,0.7536617572514953
318,20080228,1.0780889319212659
319,20080229,0.9210565644268562
320,20080303,1.1353608183232644
321,20080304,1.0192177788618737
322,20080305,0.9981334645435908
323,20080306,0.8964146219352402
324,20080307,1.382961778023608
325,20080310,0.8154517916737294
326,20080311,1.3215760944697197
327,20080312,1.068872418833686
328,20080313,0.8986878173205254
329,20080314,0.8448172511848135
330,20080317,1.918263722977219
331,20080318,1.5703297383117083
332,20080319,1.8624841128580782
333,20080320,1.4462738308863874
334,20080321,0.9506135782225741
335,20080324,1.1394432596563342
336,20080325,1.029608831322026
337,20080326,0.7662766854989618
338,20080327,0.7971050254309381
339,20080328,1.497580870714268
340,20080331,2.2834228296046004
341,20080401,1.2551537026380009
342,20080402,1.6088862613896227
343,20080403,1.6289111476209728
344,20080408,0.46895881109519005
345,20080409,1.7776931431675145
346,20080410,2.0232216161400256
347,20080411,0.9041964754981596
348,20080414,1.187988037257368
349,20080415,1.4894353446760444
350,20080416,1.290896426961705
351,20080417,1.3869416127645664
352,20080418,1.1651755631451048
353,20080421,1.2823339677784484
354,20080422,1.3378616941721984
355,20080423,0.7523510640279809
356,20080424,1.0010865125871653
357,20080425,0.9597439263284238
358,20080428,0.953757407744203
359,20080429,0.9766469003844146
360,20080430,0.842384960709615
361,20080505,1.5530310424178664
362,20080506,0.8783528803835194
363,20080507,0.8949174818048377
364,20080508,1.210251559896381
365,20080509,1.281599775107514
366,20080512,0.9901258228658542
367,20080513,0.9084444209030573
368,20080514,0.7747387691388415
369,20080515,2.293850913112505
370,20080516,0.9106905119909896
371,20080519,0.7582727502266937
372,20080520,1.3337674340511134
373,20080521,1.0456808864448268
374,20080522,0.7847454219647073
375,20080523,0.7863572808210688
376,20080527,0.8870542390532968
377,20080528,0.8480744244395155
378,20080529,0.95154946013737
379,20080530,0.9959529170328792
380,20080602,0.861969585188918
381,20080603,1.8787542454355801
382,20080604,2.160193057782429
383,20080605,2.012760732175099
384,20080606,1.140421474661832
385,20080610,1.1260833890873037
386,20080611,1.3255073046683454
387,20080612,0.8381109896723676
388,20080613,1.2575176998372386
389,20080616,1.326483721790471
390,20080617,1.9664470068048385
391,20080618,1.1749250123528592
392,20080619,1.1704599738452068
393,20080620,1.1961596938322119
394,20080623,1.1145713385009428
395,20080624,0.7519957638664941
396,20080625,1.1548032743349057
397,20080626,1.0608375357962798
398,20080627,1.4379663926614856
399,20080630,1.3286508318006294
400,20080701,0.8247196302460766
401,20080702,1.3214488767785806
402,20080703,1.1486368194991452
403,20080704,1.5059264502717238
404,20080707,0.8412007159728522
405,20080708,2.36125477009959
406,20080709,2.0295424102335766
407,20080710,0.78477415290748
408,20080711,0.9737020825288153
409,20080714,1.3479614695711626
410,20080715,1.3315645164329621
411,20080716,1.7791187001662894
412,20080717,0.9897782431007718
413,20080718,1.0548306566051395
414,20080721,2.0881045596793553
415,20080722,1.1019495823455512
416,20080723,0.8050096858671761
417,20080724,0.6519810517120317
418,20080725,2.4999607537179807
419,20080728,3.8101880199082556
420,20080729,1.5258119808759418
421,20080730,2.7814702731298517
422,20080731,1.5238489910252024
423,20080801,1.8604012010672448
424,20080804,1.4571849561503987
425,20080805,1.2358607368314478
426,20080806,2.100763055953203
427,20080807,2.431274035426837
428,20080808,1.7482346428680022
429,20080811,1.3425927736206875
430,20080812,1.421009418858527
431,20080813,2.1651920368381234
432,20080814,2.8585021533121306
433,20080815,2.839835076260732
434,20080818,1.5280635988031679
435,20080819,1.8896150891651549
436,20080820,1.3313429569988176
437,20080821,1.6757329775640706
438,20080822,1.5961887322427575
439,20080825,1.4140629532184574
440,20080826,1.9686338219047013
441,20080827,1.5186833307407566
442,20080828,0.9390377941898688
443,20080829,1.7929469786308199
444,20080901,1.8672552722041953
445,20080902,2.0575279654144722
446,20080903,1.9981604829158992
447,20080904,3.593678884190411
448,20080905,1.2699811861836443
449,20080908,2.0723048829980057
450,20080909,3.17565433695658
451,20080910,1.9139939103604382
452,20080911,0.8833442363128258
453,20080912,2.337991825687659
454,20080916,1.2043841466690703
455,20080917,1.0106529312030954
456,20080918,0.9258037867295441
457,20080919,1.126848818453012
458,20080922,1.6127903941458797
459,20080923,1.034141839025096
460,20080924,1.0031151896569932
461,20080925,0.6639573048802067
462,20080926,0.953753894832092
463,20081006,1.0367752854426429
464,20081007,1.0697050058758366
465,20081008,0.9258706446652173
466,20081009,1.1950506107321381
467,20081010,0.8953285631519698
468,20081013,0.7061838013889342
469,20081014,1.1867945393050634
470,20081015,1.378966710450604
471,20081016,0.8902103581779957
472,20081017,1.874918209757687
473,20081020,2.552397467210919
474,20081021,2.0673046319634563
475,20081022,1.690662754746577
476,20081023,0.9331439670217532
477,20081024,1.780470350697312
478,20081027,1.3865817726101521
479,20081028,1.1304550840731813
480,20081029,1.4535245561664667
481,20081030,0.6723492574333012
482,20081031,1.3972923042752932
483,20081103,1.2627231493941729
484,20081104,1.5306641580704052
485,20081105,0.7652037743725406
486,20081106,1.1968491283060223
487,20081107,1.2167057723265813
488,20081110,0.9380286357637092
489,20081111,1.4403110642179036
490,20081112,0.7169662510887086
491,20081113,0.9979682310694741
492,20081114,1.5934774737705613
493,20081117,1.7889332803202498
494,20081118,1.4631546519838092
495,20081119,1.2792691822051463
496,20081120,2.2897211126637247
497,20081121,1.473606731630327
498,20081124,1.7826333671481553
499,20081125,1.3181809816822396
500,20081126,1.5049716937450903
501,20081127,1.1475845295065406
502,20081128,0.8791669257206145
503,20081201,2.1907856002717634
504,20081202,2.0092937383320026
505,20081203,1.387337365057148
506,20081204,0.9757381180984241
507,20081205,2.13449699103938
508,20081208,1.71052934653964
509,20081209,1.2057696061084595
510,20081210,0.9918087584368104
511,20081211,1.5570580268561773
512,20081212,1.4859964052980021
513,20081215,1.0597777790208678
514,20081216,1.1321408704622113
515,20081217,1.8965521906170946
516,20081218,1.5668131351622525
517,20081219,1.263719445849317
518,20081222,1.8382363792610033
519,20081223,2.233480094171903
520,20081224,1.828739723027924
521,20081225,1.3473302207831044
522,20081226,1.70824219783705
523,20081229,2.3935534940790637
524,20081230,2.326759812287122
525,20081231,2.4505505062194337
526,20090105,2.42564462532623
527,20090106,2.3085279340651086
528,20090107,1.343797546337717
529,20090108,1.0190374610430353
530,20090109,2.187640431990852
531,20090112,1.9773233848843133
532,20090113,2.5995104644669667
533,20090114,1.623172618125508
534,20090115,2.452521771277941
535,20090116,1.578250676211152
536,20090119,1.416193654809874
537,20090120,2.5356738055555814
538,20090121,1.2420765366919104
539,20090122,0.8958613590188608
540,20090123,1.1722363593377758
541,20090202,2.0771578375028077
542,20090203,1.339796863076416
543,20090204,1.4146842123308994
544,20090205,1.221401239107298
545,20090206,1.2385964103267593
546,20090209,0.9401324766784738
547,20090210,2.2345000335896064
548,20090211,0.9891094125479925
549,20090212,0.8885662464254932
550,20090213,1.0274064899938868
551,20090216,1.1866572946051295
552,20090217,0.9912204879004095
553,20090218,1.4260350241490016
554,20090219,1.083740670905166
555,20090220,2.274411015330463
556,20090223,0.9995389670693541
557,20090224,1.7471263398327779
558,20090225,1.2383202860879607
559,20090226,1.20093615422762
560,20090227,1.262850134487539
561,20090302,1.3233973070498553
562,20090303,2.2179329333804287
563,20090304,1.504515420856621
564,20090305,1.4787603212020501
565,20090306,1.141897779147341
566,20090309,1.7182505609880387
567,20090310,1.9804323808090751
568,20090311,1.4420631935557828
569,20090312,1.0245099353446574
570,20090313,1.3305271613150347
571,20090316,1.0878383629159742
572,20090317,1.6069006150296279
573,20090318,1.2515229667541672
574,20090319,1.6802017134029879
575,20090320,1.0267186324698485
576,20090323,1.1643156220337831
577,20090324,1.0568631992658648
578,20090325,1.072952433261161
579,20090326,1.1708793229943528
580,20090327,2.946626099147961
581,20090330,1.0552142965854132
582,20090331,1.8113421526087174
583,20090401,0.7788183275460019
584,20090402,1.1658201718748833
585,20090403,0.5959343891394082
586,20090407,1.1957990171259172
587,20090408,1.4787584713805282
588,20090409,2.362141610737599
589,20090410,1.3881270131107712
590,20090413,0.5643727499563506
591,20090414,2.1053772025898194
592,20090415,0.9183651297582929
593,20090416,1.135028267217848
594,20090417,0.8615482577096744
595,20090421,1.3870348282226899
596,20090422,1.703402100052047
597,20090423,1.1982263279931469
598,20090424,0.9605996403729681
599,20090427,2.320423027426418
600,20090428,0.7600809505985371
601,20090429,1.3707498946197139
602,20090430,0.8474276053816707
603,20090504,0.691743666081221
604,20090505,1.069858326597516
605,20090506,1.2942604806487248
606,20090507,0.43341192465783546
607,20090508,2.0129245263849342
608,20090511,1.4002140472242455
609,20090512,1.2355562704481813
610,20090513,2.2758229866906556
611,20090514,1.3221713609651822
612,20090515,1.6983920950720968
613,20090518,1.1117112609405622
614,20090519,0.874996854050487
615,20090520,0.9236476282841433
616,20090521,1.0269367646287073
617,20090522,1.3648323807696874
618,20090525,0.9164719250849358
619,20090526,1.2177858433247528
620,20090527,1.11658919108947
621,20090601,0.5884702893239249
622,20090602,0.5443168135843676
623,20090603,0.5516143662796931
624,20090604,0.7724623786225867
625,20090605,1.489464374245478
626,20090608,0.8287455870199835
627,20090609,1.232184742808978
628,20090610,1.16318015126643
629,20090611,1.3937956523284203
630,20090612,1.1404256733929716
631,20090615,0.6516150750733721
632,20090616,0.619005762242097
633,20090617,0.6978536445039697
634,20090618,1.047442217533976
635,20090619,0.737713767595304
636,20090622,1.070594956482176
637,20090623,1.2622090684502263
638,20090624,0.8894166683365741
639,20090625,1.1062784055543797
640,20090626,0.6991271511583563
641,20090629,1.3172256432455605
642,20090630,1.1892515726887625
643,20090701,0.7418607779581082
644,20090702,1.3934172755224052
645,20090703,0.9872177357347184
646,20090706,0.8881317682644927
647,20090707,0.7782254905569868
648,20090708,0.7898146290332276
649,20090709,0.8451809011785129
650,20090710,2.335668725694972
651,20090713,0.8384913210783359
652,20090714,0.4950960904014655
653,20090715,0.5360072222638309
654,20090716,0.6377659487436261
655,20090717,0.7668967411076332
656,20090720,0.6665862743392439
657,20090721,1.2195217510039043
658,20090722,0.37107911193332993
659,20090723,0.49887878367653293
660,20090724,0.5791909927600621
661,20090727,0.5727698222793599
662,20090728,1.24168270208266
663,20090729,0.9531438558437537
664,20090730,1.0439950275169052
665,20090731,1.0975193930683704
666,20090803,0.4904027700922064
667,20090804,0.6777528238197957
668,20090805,0.7273122995134234
669,20090806,0.691147603929742
670,20090807,1.0067137574303167
671,20090810,0.8791550185841863
672,20090811,0.7332300140843582
673,20090812,1.006114027360624
674,20090813,0.8484858422010897
675,20090814,1.020370627583359
676,20090817,1.7540128580498986
677,20090818,1.4055899863945283
678,20090819,1.2324542973059607
679,20090820,0.7989822905790817
680,20090821,0.8203891283373479
681,20090824,1.1717534516085706
682,20090825,0.9732053469883444
683,20090826,1.0863587071021166
684,20090827,1.3128157722231995
685,20090828,1.5741258805426528
686,20090831,1.165893886992856
687,20090901,1.542663872913849
688,20090902,1.3100657778632394
689,20090903,0.7308850554784839
690,20090904,2.21979819686267
691,20090907,1.2649580466063055
692,20090908,1.0664303385277734
693,20090909,1.0156140089868262
694,20090910,1.6358510798819448
695,20090911,0.6445009711760297
696,20090914,0.7238660823309127
697,20090915,0.818650161478288
698,20090916,1.397337268859785
699,20090917,2.262727768330377
700,20090918,1.1055415444999686
701,20090921,1.0408223139379347
702,20090922,1.95702636115618
703,20090923,2.088456902330588
704,20090924,1.563478688291629
705,20090925,1.5394982267626978
706,20090928,1.1729792531302623
707,20090929,1.6069694702233597
708,20090930,0.8268228223351922
709,20091009,1.5363808592344244
710,20091012,1.162192213817315
711,20091013,0.8508647527087504
712,20091014,0.8563337883713559
713,20091015,0.8192586536374222
714,20091016,0.8089239277247663
715,20091019,1.346824178936679
716,20091020,1.3152036049663758
717,20091021,0.6169522808515464
718,20091022,0.7118274761671924
719,20091023,0.549538488800497
720,20091026,0.7522203191382077
721,20091027,1.411159951620716
722,20091028,0.9853864410165419
723,20091029,0.6471692971186445
724,20091030,0.9915248608219203
725,20091102,0.6452528163242207
726,20091103,1.3286518459684482
727,20091104,1.0758222121320138
728,20091105,4.247669709947523
729,20091106,4.237387610879247
730,20091109,2.141777713511365
731,20091110,1.593099868884872
732,20091111,3.640003871714631
733,20091112,3.0371640584457356
734,20091113,3.1019004524341263
735,20091116,2.2628311411654476
736,20091117,1.2124866558633616
737,20091118,1.4006638729343321
738,20091119,1.185134064716382
739,20091120,2.032737318259209
740,20091123,2.1203604485278227
741,20091124,1.6835481798333227
742,20091126,1.7546148645851858
743,20091127,1.5715041821565239
744,20091130,1.2435465326142494
745,20091201,1.4355295978826124
746,20091202,1.024640903427142
747,20091203,0.9869993579574973
748,20091204,1.2849448921623075
749,20091207,1.8693695088729871
750,20091208,1.2666216234953347
751,20091209,1.3408708996363419
752,20091210,1.4325640937204818
753,20091211,1.1245925896751898
754,20091214,0.8397132926806985
755,20091215,0.810767517743278
756,20091216,1.0615384374797516
757,20091217,1.5836747249657581
758,20091218,0.8695512570154866
759,20091221,0.9055508200212308
760,20091222,1.0288020868139542
761,20091223,0.9972179496423329
762,20091224,1.323043732392293
763,20091225,1.6627448773120912
764,20091228,0.5502143970673186
765,20091229,1.6444411478897614
766,20091230,0.9420707681946677
767,20091231,1.0005552393087047
768,20100104,2.0024658088029565
769,20100105,0.990505688161582
770,20100106,2.902851299402078
771,20100107,1.444908345456245
772,20100111,0.8860623789800544
773,20100112,0.9579006288762852
774,20100113,0.9368326595313372
775,20100114,1.3456442023377506
776,20100115,0.9285563904957003
777,20100118,1.0258401615170734
778,20100119,1.1373449885163047
779,20100120,1.2551126103768209
780,20100121,0.9931011908719067
781,20100122,1.1037512600398114
782,20100125,0.7946956663062799
783,20100126,1.1914327542537706
784,20100127,1.1047048957238246
785,20100128,1.3484322870004757
786,20100129,1.1018327126160037
787,20100201,1.7548037334681645
788,20100202,1.0797404735124632
789,20100203,0.8327007897763141
790,20100204,1.4678297271490446
791,20100205,0.7832008050997166
792,20100208,1.1109085703579764
793,20100209,1.1916202494028554
794,20100210,1.1377775641316528
795,20100211,1.2812304031010175
796,20100212,0.8768537908312423
797,20100222,0.661817568803323
798,20100223,0.7964101471422828
799,20100224,1.9434594599164356
800,20100225,0.9421605048947626
801,20100226,1.3758592707111288
802,20100301,0.925224234946192
803,20100302,3.729728235214996
804,20100303,0.0
805,20100304,0.6525968678291854
806,20100309,1.6641951307098117
807,20100310,2.732886388961995
808,20100311,1.3630098014458933
809,20100312,1.8083841350733774
810,20100315,0.9477314059242615
811,20100316,3.1709669928112407
812,20100317,2.190764237234131
813,20100318,2.782850003205375
814,20100319,1.844254537100617
815,20100322,2.147127372274806
816,20100323,1.3929321398366348
817,20100324,1.0158630060117464
818,20100325,1.1449115481338499
819,20100326,1.6061387482460734
820,20100329,1.3134286673797422
821,20100330,2.1691195551180016
822,20100331,0.7107144949300784
823,20100401,2.3848986350983354
824,20100402,1.06747504538171
825,20100406,1.28312955581219
826,20100407,1.0531766436564056
827,20100408,1.28520422623109
828,20100409,0.7649194161860926
829,20100412,0.6820139210836416
830,20100413,1.9413629608191174
831,20100414,1.8257195758197133
832,20100415,1.7654274555338936
833,20100419,0.733208250437078
834,20100420,1.087585717600993
835,20100421,1.8393502899780292
836,20100422,1.5172720661075985
837,20100423,1.1091226628995512
838,20100426,1.2227150094710184
839,20100427,2.171778866480539
840,20100428,1.4662986154326851
841,20100429,1.4415991188052515
842,20100430,3.3673614856385843
843,20100504,2.3739075744399534
844,20100505,1.5430932764056524
845,20100506,1.3050166438685877
846,20100507,2.836981315887668
847,20100510,2.4417004885738867
848,20100511,1.7003320811799918
849,20100512,1.466546400704034
850,20100513,2.8024354948670815
851,20100514,3.897825806068216
852,20100517,2.1857514286984947
853,20100518,1.959178834406856
854,20100519,1.7200881073524459
855,20100520,1.851621838279563
856,20100521,2.3556360631940803
857,20100524,2.5005562049501706
858,20100525,2.709216018865811
859,20100526,1.617552232010595
860,20100527,1.6799760809654987
861,20100528,1.355500567887094
862,20100531,1.993086341351902
863,20100601,1.6279891448776482
864,20100602,1.6344698415794285
865,20100603,2.291371976839825
866,20100604,2.1909665280876127
867,20100607,1.7464024359845634
868,20100608,1.7235226237542587
869,20100609,1.2435156442192623
870,20100610,1.191836519689835
871,20100611,2.001545971688559
872,20100617,1.2880831563813635
873,20100618,2.437861872068553
874,20100621,1.340633569531293
875,20100622,1.2602083858708353
876,20100623,1.1023296029333807
877,20100624,1.683097850324413
878,20100625,1.9299467425380934
879,20100628,0.9708619054476775
880,20100629,1.7949946614002101
881,20100630,1.1418350266511672
882,20100701,1.2415435253332814
883,20100702,1.4094831699557815
884,20100705,1.2850107469544565
885,20100706,0.7830927865060039
886,20100707,1.4754559185069127
887,20100708,1.9595408060067052
888,20100709,1.2509973822381093
889,20100712,1.8099488978726923
890,20100713,1.3830904382502134
891,20100714,2.1134042031815867
892,20100715,1.3002233779068273
893,20100716,1.2156746452678768
894,20100719,1.0000512191282407
895,20100720,1.1348394822526486
896,20100721,2.768928107210228
897,20100722,1.8354036160036666
898,20100723,1.0695086704896564
899,20100726,1.271998921137684
900,20100727,1.3094678626124954
901,20100728,1.0395521676958914
902,20100729,1.0215875228576425
903,20100730,0.8842392269486071
904,20100802,0.7807522190739047
905,20100803,1.0173537222605142
906,20100804,1.6233272643950911
907,20100805,1.2027202382629707
908,20100806,1.180812137497783
909,20100809,1.0500448653232966
910,20100810,1.3571774955348073
911,20100811,0.9510048542397109
912,20100812,1.4647439852363255
913,20100813,1.055102215228452
914,20100816,0.7705177356674583
915,20100817,1.763735514509958
916,20100818,1.8171323861382334
917,20100819,1.62881835003543
918,20100820,1.1513993838690064
919,20100823,2.081858442280573
920,20100824,1.2547842588415226
921,20100825,1.176051105795927
922,20100826,1.1445890380879102
923,20100827,1.1852674121563942
924,20100830,1.3993968793550533
925,20100831,1.5088473191848182
926,20100901,1.3107876475580844
927,20100902,1.3422985034402757
928,20100903,3.737871566691736
929,20100906,0.9540653533233909
930,20100907,0.8918532306433258
931,20100908,1.0247328242406188
932,20100909,1.5822208314045305
933,20100910,1.7217005882754486
934,20100913,1.49896621397432
935,20100914,1.4389137298328887
936,20100915,1.5696905304476176
937,20100916,1.769618302735869
938,20100917,1.7326102082360393
939,20100920,2.0113394051741866
940,20100921,2.27603928070076
941,20100927,1.0395293381652067
942,20100928,1.1045917883835505
943,20100929,0.8672765914778046
944,20100930,0.6528337817436455
945,20101008,0.7205156326451241
946,20101011,0.4772560528182786
947,20101012,0.36338910472820257
948,20101013,1.293301195537963
949,20101014,1.3211077151411892
950,20101015,0.7895909149089315
951,20101018,1.2146294599147445
952,20101019,1.1851327818165647
953,20101020,0.9814258532531303
954,20101021,1.0031887375389243
955,20101022,0.5323361096197642
956,20101025,0.44177192682859934
957,20101026,1.3761231650124566
958,20101027,0.7171255630345683
959,20101028,1.4952302712572152
960,20101029,0.730978124544854
961,20101101,0.6775318245063816
962,20101102,0.7014235330086864
963,20101103,0.9400346429732461
964,20101105,0.546813545565383
965,20101108,1.168868894348466
966,20101109,0.9370036386227676
967,20101110,0.8905057961821357
968,20101111,0.867698173585815
969,20101112,1.1750935938782119
970,20101115,0.6538717971413138
971,20101116,1.164776334447276
972,20101117,0.9178593968080133
973,20101118,0.7409012870974557
974,20101119,0.6498252835738173
975,20101122,1.5027609174090018
976,20101123,1.1222043896097236
977,20101124,0.8190668448579155
978,20101125,0.9279875145226384
979,20101126,0.8485290761628088
980,20101129,1.044524382027718
981,20101130,1.5116993320014598
982,20101201,4.04506880309649
983,20101202,1.339426922431678
984,20101203,1.4841091235019086
985,20101206,1.2642109447624499
986,20101207,1.8055677086047004
987,20101208,0.9737836309603242
988,20101209,1.9174674045403595
989,20101210,0.8002564386507405
990,20101213,0.8676727236753895
991,20101214,1.0600915134621975
992,20101216,1.0761117479004605
993,20101217,1.2940075540783356
994,20101220,1.3303825204333386
995,20101221,0.8403688831651402
996,20101222,1.016182308616656
997,20101223,1.3863875809912367
998,20101224,0.9192223634074401
999,20101227,1.3556103791397769
1000,20101228,0.9374673918342376
1001,20101229,0.6974848638421507
1002,20101230,0.9811376582586997
1003,20101231,0.5079563252068349
1004,20110104,0.48718415140756116
1005,20110105,0.3666003868578044
1006,20110106,1.135931044231402
1007,20110107,0.6160254410132425
1008,20110110,1.4428955042108085
1009,20110111,0.981789237780709
1010,20110112,0.6235178867113332
1011,20110113,0.4405469893805514
1012,20110114,1.6224438657283784
1013,20110117,1.0003086971693167
1014,20110118,0.5560409385902217
1015,20110119,0.6866705668821852
1016,20110120,1.1270845487485908
1017,20110121,0.5803781587915805
1018,20110124,0.8336293127508153
1019,20110125,1.311346344098641
1020,20110126,1.1123056043788773
1021,20110127,0.7849987865873117
1022,20110128,0.9895743207341183
1023,20110131,0.8614358290136487
1024,20110201,0.6109340681108419
1025,20110209,0.6341911853671741
1026,20110210,1.0183907177227496
1027,20110211,0.6613922205262649
1028,20110214,0.35367986084508385
1029,20110215,0.6274016755859813
1030,20110216,0.9957849915799128
1031,20110217,1.6519335253388536
1032,20110218,0.7953246408989955
1033,20110221,1.2214585540614646
1034,20110222,0.848152259979979
1035,20110223,0.9643118970931491
1036,20110224,0.800006953279108
1037,20110225,1.2626475825926011
1038,20110228,0.6108366331058654
1039,20110301,0.7696899267559348
1040,20110302,0.7593752261391676
1041,20110303,0.7601257553351044
1042,20110304,0.755498659696655
1043,20110307,0.5727121955865951
1044,20110308,2.2530416250808414
1045,20110309,0.7783878424200124
1046,20110310,1.05093754007058
1047,20110311,0.7342788089088793
1048,20110314,0.9482494636735972
1049,20110315,1.1489179232673097
1050,20110316,0.9554126350872174
1051,20110317,1.170008112747111
1052,20110318,0.8540661666262316
1053,20110321,1.6624005614415116
1054,20110322,0.9436073540954958
1055,20110323,0.718173529139866
1056,20110324,0.9682048535086994
1057,20110325,0.5922318477045985
1058,20110328,0.793759592818905
1059,20110329,1.0529854900016928
1060,20110330,0.7839839396142315
1061,20110331,2.477220193548109
1062,20110401,1.8271495237628095
1063,20110406,1.061221598565353
1064,20110407,0.9425850322985709
1065,20110408,1.0875116598953694
1066,20110411,1.1895596479284343
1067,20110412,0.8925423619451066
1068,20110413,0.9336446246548088
1069,20110414,1.0787831154038496
1070,20110415,0.9606635878641318
1071,20110418,0.6106899586147334
1072,20110419,1.2380703034365401
1073,20110420,0.5193778715962173
1074,20110421,1.366099021937095
1075,20110422,1.0857314260769064
1076,20110425,1.456800233509738
1077,20110426,3.5881757523435103
1078,20110427,0.8842868124251774
1079,20110428,1.524635270470899
1080,20110429,2.593824954652867
1081,20110503,1.7419764252071364
1082,20110504,1.1257975119527348
1083,20110505,1.950554049505628
1084,20110506,1.0894924012602998
1085,20110509,2.767918310750803
1086,20110510,3.2701747827648293
1087,20110511,2.839266358466983
1088,20110512,2.3159736380587317
1089,20110516,2.3301728821366376
1090,20110517,1.6245103160511343
1091,20110518,2.121387409107122
1092,20110519,1.795024731347858
1093,20110520,2.013373543671316
1094,20110523,1.9380043590435654
1095,20110524,1.4823210928382837
1096,20110525,1.7166355188905533
1097,20110526,1.0981257857900901
1098,20110527,3.8468051122482474
1099,20110530,1.0999232318892216
1100,20110531,1.2965258132370299
1101,20110601,0.9752517635505024
1102,20110602,1.5641264475450707
1103,20110603,1.4576437464895071
1104,20110607,1.0366142923217498
1105,20110608,1.6964322821032918
1106,20110609,1.1309592606860146
1107,20110610,1.7308363671920874
1108,20110613,1.1467543039727606
1109,20110614,0.7459507422331446
1110,20110615,4.46928995810727
1111,20110616,1.7434571789326099
1112,20110617,1.766966270164363
1113,20110620,0.8126233118263233
1114,20110621,1.237059884135096
1115,20110622,1.0399885737771264
1116,20110623,1.1394652716423341
1117,20110624,1.0265382490706652
1118,20110627,1.1242894454741472
1119,20110628,0.8181782009973823
1120,20110629,1.4478494251886032
1121,20110630,1.207505130175446
1122,20110701,0.6967240639948465
1123,20110704,1.0921594073368925
1124,20110705,0.7849684256737608
1125,20110706,0.5805793263133061
1126,20110707,0.9217197105715024
1127,20110708,1.1149806572223977
1128,20110711,0.7910467506935505
1129,20110712,1.2492185750523315
1130,20110713,1.1689770663992467
1131,20110714,1.6353819452053193
1132,20110715,0.9500749342993134
1133,20110718,0.8377900388809887
1134,20110719,1.8999220034605675
1135,20110720,1.3663373336759246
1136,20110721,1.1364549314305685
1137,20110722,1.1388838256556009
1138,20110725,1.7875608248775046
1139,20110726,0.6418777748313791
1140,20110727,0.9283454164263083
1141,20110728,0.6239626170530685
1142,20110729,0.5900333067679381
1143,20110801,0.9315492220495594
1144,20110802,1.1399055638262168
1145,20110803,1.0583844306044787
1146,20110804,0.8211727501731877
1147,20110805,0.727005127770374
1148,20110808,1.453206741296482
1149,20110809,1.5389994960669355
1150,20110810,0.8905324521545137
1151,20110811,0.921461660581808
1152,20110812,0.847491804785392
1153,20110815,0.7566218077191602
1154,20110816,0.5979637118531641
1155,20110817,0.8604813530662923
1156,20110818,1.4831169884356348
1157,20110819,1.097680467359866
1158,20110822,1.0097292701262401
1159,20110823,0.9514147666249824
1160,20110824,0.5792186074337493
1161,20110825,1.3359480224326996
1162,20110826,0.7552908206564656
1163,20110829,0.88850902955141
1164,20110830,0.9746653306050943
1165,20110831,1.1006929945270085
1166,20110901,0.957021969942777
1167,20110902,0.6597411080059837
1168,20110905,0.9255942348625428
1169,20110906,0.6040492823713216
1170,20110907,1.1331800421068488
1171,20110908,1.2180322283015772
1172,20110909,1.7809904422252818
1173,20110913,0.6613411105855177
1174,20110914,0.8361758738463652
1175,20110915,0.7793172110337337
1176,20110916,1.0290669281760514
1177,20110919,0.9958125820914265
1178,20110920,0.9351675462293744
1179,20110921,0.8227923697764046
1180,20110922,1.3025548954330106
1181,20110923,0.6930705726899465
1182,20110926,0.655948952399619
1183,20110927,0.74703238888898
1184,20110928,1.2399851943140576
1185,20110929,1.4898877326771045
1186,20110930,0.7343709762874714
1187,20111010,0.48615807219013646
1188,20111011,0.782454568589628
1189,20111012,1.0261897973287084
1190,20111013,0.6460651165669962
1191,20111014,0.8539008294281265
1192,20111017,0.6883777685677301
1193,20111018,1.3833036832412822
1194,20111019,1.0675630370688163
1195,20111020,1.0101062845968267
1196,20111021,1.1877037860218198
1197,20111024,0.846224417645463
1198,20111025,1.295734689683547
1199,20111026,1.7380271638109572
1200,20111027,1.4658781277358366
1201,20111028,1.610789955220043
1202,20111031,3.0309954294095647
1203,20111101,1.2788542026222145
1204,20111102,2.086977652600997
1205,20111103,1.7689371637983433
1206,20111104,1.1577982967523581
1207,20111107,3.984168306351629
1208,20111108,3.984468422053763
1209,20111109,2.041909535167885
1210,20111110,0.8974391377124022
1211,20111111,1.605717321175122
1212,20111114,1.536477601499457
1213,20111115,0.8206721741100445
1214,20111116,1.1294537457520313
1215,20111117,1.05355655112086
1216,20111118,1.4236914407857282
1217,20111121,1.1805019533783234
1218,20111122,1.9521181961362604
1219,20111123,1.897349257180644
1220,20111124,1.6717992200035048
1221,20111125,1.5772887520618588
1222,20111128,1.4321448684493072
1223,20111129,0.8931833415981089
1224,20111130,1.9639326216410897
1225,20111201,1.0325045007296876
1226,20111202,1.9857516263031212
1227,20111205,1.453359664779527
1228,20111206,0.9858021286085026
1229,20111207,0.856681136737223
1230,20111208,1.8391205694511523
1231,20111209,1.2503079709741318
1232,20111212,0.9180399931492028
1233,20111213,2.182587860086891
1234,20111214,1.4369950882122664
1235,20111215,0.9915858648237297
1236,20111216,1.1802217591674846
1237,20111219,1.0862391450039304
1238,20111220,0.9036343298765276
1239,20111221,1.5459301561191803
1240,20111222,1.9052438960947673
1241,20111223,1.5334672117672221
1242,20111226,1.1213885457434736
1243,20111227,1.0243714696011197
1244,20111228,1.143070923757641
1245,20111229,1.6081946005307433
1246,20111230,0.9297406662769568
1247,20120104,2.1373864086720746
1248,20120105,1.214831826121859
1249,20120106,1.0330374505636584
1250,20120109,1.26269418810873
1251,20120110,1.3858883014375012
1252,20120111,0.870271799669965
1253,20120112,0.8346136749010055
1254,20120113,2.172468056853368
1255,20120116,1.4488185785006367
1256,20120117,0.9862658646257427
1257,20120118,1.2696083815771222
1258,20120119,0.823413178983551
1259,20120120,0.8154656810091957
1260,20120130,0.7569417222748955
1261,20120131,0.8349454785397246
1262,20120201,0.6871871695154596
1263,20120202,1.7566889620556148
1264,20120203,1.4409825531465856
1265,20120206,2.3988130791033484
1266,20120207,0.917033224126718
1267,20120208,1.0158252507871066
1268,20120209,4.6625360387012815
1269,20120210,2.230318392247775
1270,20120213,1.445562521920188
1271,20120214,2.541147234218821
1272,20120215,0.7865957350682391
1273,20120216,1.0109334397024983
1274,20120217,1.8560292861357237
1275,20120220,0.9323934003713821
1276,20120221,1.3500310011489416
1277,20120222,1.2813128296278868
1278,20120223,1.2179034040375156
1279,20120224,0.9178193727494188
1280,20120227,0.683680990088996
1281,20120228,1.209917763860203
1282,20120229,1.176928240962741
1283,20120301,1.088019759998955
1284,20120302,1.0765127260347769
1285,20120305,0.867745579360194
1286,20120306,1.6566298836950073
1287,20120307,1.1796523291791783
1288,20120308,1.2350538255934964
1289,20120309,1.8299091675902102
1290,20120312,1.101213996832979
1291,20120313,0.7867502368306175
1292,20120314,1.8083812829815262
1293,20120315,1.3552061176135888
1294,20120316,1.008706699535296
1295,20120319,0.9517774652108331
1296,20120320,2.1013035788826957
1297,20120321,1.190112488372576
1298,20120322,0.8358976051112322
1299,20120323,1.0860070061882021
1300,20120326,1.7013319844444523
1301,20120327,0.9605965632035177
1302,20120328,1.7250356082181808
1303,20120329,1.570024066827291
1304,20120330,1.4014566367063497
1305,20120405,1.2429477998967982
1306,20120406,1.1363849881117967
1307,20120409,0.8411585207388483
1308,20120410,1.454076207620128
1309,20120411,1.3901380461479884
1310,20120412,1.0705096225990283
1311,20120413,0.7422362813050434
1312,20120416,1.3193971180064878
1313,20120417,0.9408217675079097
1314,20120418,0.8540290108444565
1315,20120420,1.9087198265272471
1316,20120423,0.7779572396978152
1317,20120424,1.8832159797298644
1318,20120425,1.0444314009199367
1319,20120426,0.8470568344163043
1320,20120427,1.8579378411874392
1321,20120502,0.5954947187475057
1322,20120503,1.3237642312959501
1323,20120504,0.7579946382249753
1324,20120507,0.6335190027016673
1325,20120508,0.7981738929243409
1326,20120509,1.8687940348838037
1327,20120510,0.7687560107428874
1328,20120511,1.467983811556258
1329,20120514,0.7489847632868402
1330,20120515,0.9310445360592293
1331,20120516,0.7887605902150908
1332,20120517,2.7566130595535423
1333,20120518,1.6876135968523411
1334,20120521,0.543909149915261
1335,20120522,1.0855761980677727
1336,20120523,1.3579198707587032
1337,20120524,0.7656961857326849
1338,20120525,1.3043569822621799
1339,20120528,1.276906172575622
1340,20120529,1.1456075112921285
1341,20120530,1.3341488559654204
1342,20120531,0.9822580397338904
1343,20120601,0.9981174031907881
1344,20120604,0.9225084176927197
1345,20120605,0.8382635388494564
1346,20120606,1.0583221733421857
1347,20120607,1.2833251942991504
1348,20120611,0.9719230427450863
1349,20120612,0.7935247796622011
1350,20120613,0.8520882289298549
1351,20120614,0.5841218491658781
1352,20120615,0.7652443657403255
1353,20120618,0.5274327977075367
1354,20120619,1.2964111918303414
1355,20120620,1.9341385838495158
1356,20120621,1.6848458329307379
1357,20120625,0.9120443832399023
1358,20120626,1.2554281912472516
1359,20120627,1.959922614684028
1360,20120628,1.5764394401090374
1361,20120629,1.964046761547452
1362,20120702,1.208520929965845
1363,20120703,1.6530614578419895
1364,20120704,0.944809001826696
1365,20120705,0.8833844110893017
1366,20120706,0.9574520480580688
1367,20120709,0.7008823347766237
1368,20120710,2.4106218653772222
1369,20120711,2.4104124953896395
1370,20120712,0.7175848862244918
1371,20120713,1.4908925448462735
1372,20120716,0.7849010105441525
1373,20120717,1.2916099126677716
1374,20120718,1.378223699051165
1375,20120719,0.8666593455893589
1376,20120720,0.9737069473599436
1377,20120723,1.1402804885441227
1378,20120724,0.8208572033346346
1379,20120725,1.224954686148158
1380,20120726,1.9106785855611008
1381,20120727,2.892681202880903
1382,20120730,1.660507004415553
1383,20120731,1.3299054925152165
1384,20120801,2.899248502112342
1385,20120802,1.9355475621843032
1386,20120803,1.9151364147170302
1387,20120806,1.837814066597283
1388,20120807,2.4084421116954906
1389,20120808,4.441802449171742
1390,20120809,1.7534104338957281
1391,20120810,2.589621939324864
1392,20120813,1.5093303987649258
1393,20120814,1.4605162774742215
1394,20120815,1.4749324874046605
1395,20120816,6.409230339014402
1396,20120817,5.018543603654907
1397,20120820,2.6618814496138787
1398,20120821,1.5576826889456363
1399,20120822,1.9761704349441807
1400,20120823,1.6964459763810162
1401,20120824,1.322966239997252
1402,20120827,3.0303945128800693
1403,20120828,1.4852810016074818
1404,20120829,1.5359332747869705
1405,20120830,2.0083873146331235
1406,20120831,1.1669175806544967
1407,20120903,1.3101221865132295
1408,20120904,1.1271917928416284
1409,20120905,1.10826021375298
1410,20120906,1.0914282727439397
1411,20120907,0.8624832284911093
1412,20120910,0.675116183688462
1413,20120911,0.8592649487642579
1414,20120912,0.7015230017426466
1415,20120913,1.2112767942339504
1416,20120914,0.85353749912758
1417,20120917,1.771658310349825
1418,20120918,1.2262763135211703
1419,20120919,0.7040374281313525
1420,20120920,1.5141465893889972
1421,20120921,0.5159525477052173
1422,20120924,0.523003868140715
1423,20120925,0.8841092322857949
1424,20120926,2.1457920294092174
1425,20120927,0.8633779240115753
1426,20120928,1.1457880890571306
1427,20121008,0.9860607369913568
1428,20121009,1.1074433137281368
1429,20121010,1.1658341879981624
1430,20121011,1.3314329686784079
1431,20121012,0.620457912767236
1432,20121015,0.9954578600667449
1433,20121016,1.5483612729227978
1434,20121017,0.7596317895944876
1435,20121018,0.7623607196032478
1436,20121019,0.9577691156911062
1437,20121022,0.7973569807768807
1438,20121023,0.39420291732207124
1439,20121024,1.1174995709234106
1440,20121025,0.9200971736861389
1441,20121026,1.0397146633683172
1442,20121029,0.754535342734596
1443,20121030,0.6493574934153975
1444,20121031,0.7340374472780643
1445,20121101,0.8431176953556524
1446,20121102,0.6741811506032128
1447,20121105,0.6777124181549607
1448,20121106,0.8647082877597563
1449,20121107,1.002666769074162
1450,20121108,1.144574548602693
1451,20121109,1.3867832695079363
1452,20121112,0.9597502650722871
1453,20121113,1.3446455086897109
1454,20121114,0.7040959639230354
1455,20121115,0.9392371744783204
1456,20121116,1.1750769684434021
1457,20121119,0.6819527839968839
1458,20121120,0.6250141668066224
1459,20121121,1.2139625261497509
1460,20121122,0.7201603443162818
1461,20121123,0.6110716135886233
1462,20121126,0.6815614983490613
1463,20121127,2.2239211223671562
1464,20121128,2.174778025099157
1465,20121129,1.7101510389227899
1466,20121130,0.5757188304818146
1467,20121203,1.7491356969800542
1468,20121204,1.4805413484350753
1469,20121205,1.536776524689374
1470,20121206,0.7279035661177854
1471,20121207,1.101293502847551
1472,20121210,1.5558205341724634
1473,20121211,0.9766471253263632
1474,20121212,2.1286250217814993
1475,20121213,1.5537712787064564
1476,20121214,0.9150682558426394
1477,20121217,0.5301437580398874
1478,20121218,0.8542940800532571
1479,20121219,0.8475186331332022
1480,20121220,0.673665575057167
1481,20121221,0.8885090039870819
1482,20121224,0.7264768217116975
1483,20121225,0.9064040632526519
1484,20121226,1.1115950608284324
1485,20121227,0.7664696684122425
1486,20121228,0.6021092634314349
1487,20121231,0.6607401395349347
1488,20130104,0.8028164127193809
1489,20130107,0.7623892183949362
1490,20130108,1.2299427949764126
1491,20130109,1.3315756867992967
1492,20130110,2.905055651304249
1493,20130111,1.2105323334456153
1494,20130114,1.467844679372974
1495,20130115,2.5791758944514345
1496,20130116,1.1913746943376429
1497,20130117,1.6426130041794103
1498,20130118,0.9749209733557429
1499,20130121,0.6415252769974731
1500,20130122,1.3889823319998216
1501,20130123,1.0472865589771434
1502,20130124,0.9315618888588473
1503,20130125,0.6691401529110754
1504,20130128,0.704147685315782
1505,20130129,1.4959226103970298
1506,20130130,0.9642904035430245
1507,20130131,1.9726175311943235
1508,20130201,0.8232642282058035
1509,20130204,0.6587825532302437
1510,20130205,0.6777205974649669
1511,20130206,1.1974221065394428
1512,20130207,0.8818740417525586
1513,20130208,0.5318573631033906
1514,20130218,1.1940054398923783
1515,20130219,1.0791638049571788
1516,20130220,3.552267912459397
1517,20130221,1.292104847184296
1518,20130222,2.1058216794532125
1519,20130225,4.348570935035799
1520,20130226,1.8837590565870785
1521,20130227,1.0654122362649767
1522,20130228,1.339557818867876
1523,20130301,3.0224265038641693
1524,20130304,1.5223818606444879
1525,20130305,2.071217322287523
1526,20130306,1.91532249549288
1527,20130307,1.6067591031224913
1528,20130308,2.112013996746646
1529,20130311,1.2486195072011999
1530,20130312,1.8047342693906654
1531,20130313,2.218108985597836
1532,20130314,1.2193270308523567
1533,20130315,0.92181390854895
1534,20130318,0.9738745327497061
1535,20130319,1.0415273539873948
1536,20130320,0.9638571261860777
1537,20130321,1.8544588396104802
1538,20130322,1.2373098764956252
1539,20130325,0.9423469124725288
1540,20130326,1.5894564032633711
1541,20130327,0.8606798085226437
1542,20130328,1.358969342617979
1543,20130329,1.6693103343511022
1544,20130401,1.7763087518567815
1545,20130402,0.7349773994223323
1546,20130403,1.3199991679669936
1547,20130408,0.8895755213184884
1548,20130409,0.5854761997036922
1549,20130410,3.4960352104615726
1550,20130411,2.284406684299239
1551,20130412,1.7336280300441984
1552,20130415,1.594527987448126
1553,20130416,2.7699217539373016
1554,20130417,1.087194105280701
1555,20130418,1.1108096483409
1556,20130419,1.1450170077025033
1557,20130422,1.7209517477327063
1558,20130423,1.3429219944296829
1559,20130424,1.2081586542526608
1560,20130425,1.9243842706628778
1561,20130426,1.5153545378289666
1562,20130502,1.50244081012213
1563,20130503,1.4471113738104742
1564,20130506,1.2840390244598858
1565,20130507,1.1392454643955945
1566,20130508,1.7415081958707967
1567,20130509,1.3871274908444218
1568,20130510,1.4994087566250125
1569,20130513,0.9746653238312061
1570,20130514,1.513042318306317
1571,20130515,1.833034815766862
1572,20130516,1.050371030968597
1573,20130517,2.0953022076671166
1574,20130520,1.1656907172130124
1575,20130521,2.8398368309447837
1576,20130522,1.3338506407462096
1577,20130523,1.2017776150778923
1578,20130524,2.943371784196519
1579,20130527,1.3196466743957236
1580,20130528,1.2667981517062885
1581,20130529,1.474729810122797
1582,20130530,1.8308393166150396
1583,20130531,0.8372073243745712
1584,20130603,0.9284746035126911
1585,20130604,2.3106839828421557
1586,20130605,1.8344209211861695
1587,20130606,0.947658159653815
1588,20130607,1.5791180837082446
1589,20130613,0.8914671584564698
1590,20130614,1.1617756409854294
1591,20130617,0.8507347449046148
1592,20130618,0.7280297119506834
1593,20130619,1.2967603106897376
1594,20130620,1.1454704087084213
1595,20130621,0.9716132753570532
1596,20130624,1.4622304373710524
1597,20130625,1.2451813822626505
1598,20130626,0.7253765335404335
1599,20130627,1.1893047038149676
1600,20130628,1.072207685379772
1601,20130701,1.1377126275058358
1602,20130702,1.2126452831486316
1603,20130703,0.8695858990462525
1604,20130704,1.1536656501525828
1605,20130705,0.7415510663325062
1606,20130708,1.1020892915857254
1607,20130709,0.8112621434644546
1608,20130710,1.2516825480110219
1609,20130711,1.7751929901512598
1610,20130712,0.8763373268248847
1611,20130715,1.1539592153363498
1612,20130716,0.7179196252477463
1613,20130717,1.2965833508402709
1614,20130718,0.9274411163692694
1615,20130719,1.238097307344322
1616,20130722,2.0443250478140556
1617,20130723,0.9228915706150616
1618,20130724,1.3555575537887932
1619,20130725,0.9036711876522325
1620,20130726,1.019060776083669
1621,20130729,0.8831065238662357
1622,20130730,1.2625156905368746
1623,20130731,1.0602435396747025
1624,20130801,1.0906068125928237
1625,20130802,2.0237331823115903
1626,20130805,1.117722623627904
1627,20130806,0.5807777026538362
1628,20130807,1.0630834474322595
1629,20130808,0.9044249736401333
1630,20130809,0.9878582557838107
1631,20130812,2.310007772232663
1632,20130813,0.6027133724849232
1633,20130814,0.7955087407486979
1634,20130815,1.4292659857664134
1635,20130816,0.5686651242913769
1636,20130819,0.9701739455398405
1637,20130820,0.9911349897199314
1638,20130821,1.2537691849418198
1639,20130822,0.951820024102568
1640,20130823,1.1107318737914016
1641,20130826,0.5737291720940793
1642,20130827,0.711037783854786
1643,20130828,0.7085550729055814
1644,20130829,0.5955503145098453
1645,20130830,0.975265337410635
1646,20130902,0.6836144369374865
1647,20130903,0.8037011293606056
1648,20130904,0.6833248532449128
1649,20130905,0.7732097125004976
1650,20130906,0.5459900770224364
1651,20130909,0.28470979120212586
1652,20130910,0.770203742147885
1653,20130911,0.7293565223825947
1654,20130912,0.36002023223130625
1655,20130913,1.2272762662945842
1656,20130916,0.6879646887970076
1657,20130917,1.0289094771025997
1658,20130918,0.6003393118276559
1659,20130923,0.9209929794212424
1660,20130924,0.4659162012431388
1661,20130925,1.4085585091967043
1662,20130926,0.8420788292950512
1663,20130927,0.5870640928596058
1664,20130930,0.8188393256141229
1665,20131008,0.7930376216889438
1666,20131009,0.8233724819555881
1667,20131010,0.9906393308125763
1668,20131011,0.9492960743122917
1669,20131014,0.8134635633627042
1670,20131015,1.4090264076066705
1671,20131016,1.0611203413167978
1672,20131017,1.491578762253207
1673,20131018,0.8302771404304556
1674,20131021,2.1290792018099465
1675,20131022,2.704704250964589
1676,20131023,1.0287686307935981
1677,20131024,0.9107010209776479
1678,20131025,1.0176194014440527
1679,20131028,1.5476318555433417
1680,20131029,1.8086934421608403
1681,20131030,0.9126108517512281
1682,20131031,0.7604174332987423
1683,20131101,1.02354661080134
1684,20131104,0.8903658252434294
1685,20131105,0.6738952797699652
1686,20131106,0.9936933448906136
1687,20131107,1.1456160042121537
1688,20131108,1.0856961714430298
1689,20131111,3.9512910336568825
1690,20131112,2.625074953673084
1691,20131113,1.2321282520202126
1692,20131114,1.9917041159290203
1693,20131115,0.8240391807266993
1694,20131118,0.8546084442093488
1695,20131119,1.7869685973676313
1696,20131120,0.7831499651478591
1697,20131121,0.6730249313506195
1698,20131122,1.0666365327203724
1699,20131125,0.6117923435360846
1700,20131126,0.952940455666977
1701,20131127,0.8443108353054368
1702,20131128,0.5425465574992105
1703,20131129,0.7633887343945867
1704,20131202,1.6721938141340125
1705,20131203,1.1944732491802987
1706,20131204,0.746271565551651
1707,20131205,3.9534589467772276
1708,20131206,3.4761901945187206
1709,20131209,2.231559927650609
1710,20131210,2.3030891701049456
1711,20131211,1.6167147833887148
1712,20131212,1.3454628509445383
1713,20131213,1.6498080877325674
1714,20131216,1.0360788914707522
1715,20131217,2.4626396299929887
1716,20131218,1.2246019027306816
1717,20131219,1.1025067622906923
1718,20131220,0.8665926468911439
1719,20131223,1.6212963858881282
1720,20131224,1.3331596919743092
1721,20131225,1.6336223253149864
1722,20131226,1.8407177706893902
1723,20131227,1.5295120978002161
1724,20131230,1.546194217085638
1725,20131231,1.1983516610605445
1726,20140102,2.0712251315064054
1727,20140103,0.8862789847312263
1728,20140106,1.108311854890094
1729,20140107,1.0997093407071707
1730,20140108,1.5520508899607004
1731,20140109,2.131250199698119
1732,20140110,2.2133320147095383
1733,20140113,1.5333514864182176
1734,20140114,1.4970186974096857
1735,20140115,1.9653531398941535
1736,20140116,1.7915158296845775
1737,20140117,0.9903350634444545
1738,20140120,2.2685556316912554
1739,20140121,1.5625316304774015
1740,20140122,0.8352053418277211
1741,20140123,1.4610028596645235
1742,20140124,1.2496395039884323
1743,20140127,0.7855811283888103
1744,20140128,1.1240735486372626
1745,20140129,0.581277957726096
1746,20140130,1.1439872235263993
1747,20140207,1.7493179841436899
1748,20140210,1.2081964290163316
1749,20140211,1.4882027550351287
1750,20140212,2.843958843568435
1751,20140213,1.6973679008884541
1752,20140214,1.5203276250068885
1753,20140217,1.0028518629239167
1754,20140218,1.0287866755500932
1755,20140219,1.1953162086891633
1756,20140220,1.2725271253767392
1757,20140221,3.062413519621909
1758,20140224,2.2219681818183634
1759,20140225,2.663473493581568
1760,20140226,5.625904144937221
1761,20140227,2.938797945678838
1762,20140228,3.25908392173531
1763,20140303,4.38128029117212
1764,20140304,2.2571626003497864
1765,20140305,2.3332474166608845
1766,20140306,1.6018772842096412
1767,20140307,2.3802159615893377
1768,20140310,2.6249002103453227
1769,20140311,2.000034582791845
1770,20140312,1.7269474905096311
1771,20140313,2.7431878494312674
1772,20140314,2.1056347353592577
1773,20140317,2.4803125334004097
1774,20140318,2.3701280794556667
1775,20140319,1.4263830792450043
1776,20140320,3.1416772192539253
1777,20140321,1.4509971347389161
1778,20140324,1.0990610956344804
1779,20140325,0.9676604986414499
1780,20140326,2.220962304557103
1781,20140327,1.458932980387452
1782,20140328,1.3214923017159264
1783,20140331,1.6892915068666623
1784,20140401,2.267420568654772
1785,20140402,1.4685813085047248
1786,20140403,1.1502342126558955
1787,20140404,1.742921904833718
1788,20140408,1.0658383896130672
1789,20140409,1.0489107712460801
1790,20140410,1.4711260645943434
1791,20140411,0.7122103910769918
1792,20140414,0.8064491792438776
1793,20140415,1.088262210588426
1794,20140416,0.992456550639112
1795,20140417,0.913220827126842
1796,20140418,1.928593497566507
1797,20140421,0.9231258157388983
1798,20140422,1.2959540579025448
1799,20140423,2.506175108908738
1800,20140424,2.3671787507266275
1801,20140425,1.7457924168406578
1802,20140428,2.4935559512236987
1803,20140429,1.21618284167781
1804,20140430,1.0965883646202488
1805,20140505,1.3828775563030424
1806,20140506,2.4950743096476224
1807,20140507,2.030985160850221
1808,20140508,1.5955591519155126
1809,20140509,1.326541970493116
1810,20140512,0.9873318606247832
1811,20140513,0.9683731507366806
1812,20140514,0.7335364597931562
1813,20140515,2.10516585427525
1814,20140516,1.4899165048922853
1815,20140519,1.2124714780897252
1816,20140520,2.7157687625080875
1817,20140521,1.165809434117431
1818,20140522,1.1765068070688747
1819,20140523,1.5426333044291456
1820,20140526,3.0428438517558294
1821,20140527,1.406834380460874
1822,20140528,1.3110443422978073
1823,20140529,2.2797971969671904
1824,20140530,2.0184294027080827
1825,20140603,1.3271148972944666
1826,20140604,4.235466199406674
1827,20140605,3.032271469047151
1828,20140606,1.6290794994405573
1829,20140609,1.616704803842362
1830,20140610,1.531525946176062
1831,20140911,0.0
1832,20140912,0.0
1833,20140915,0.0
1834,20140916,3.190591594591376
1835,20140917,1.795961649477915
1836,20140918,1.4988704835522395
1837,20140919,1.2013665180587296
1838,20140922,1.2179687896627522
1839,20140923,1.0352471141041903
1840,20140924,0.8238976392853301
1841,20140925,1.472123352283445
1842,20140926,1.2670107192403202
1843,20140929,1.047530148467271
1844,20140930,0.6804793282220554
1845,20141008,2.2947968997993975
1846,20141009,2.6501928726312403
1847,20141010,1.963392572324897
1848,20141013,1.443250403973026
1849,20141014,3.8683268039343806
1850,20141015,2.0047177925415243
1851,20141016,3.7152791746787432
1852,20141017,2.6013447636247156
1853,20141020,2.3302162306681145
1854,20141021,1.7541380046827713
1855,20141022,1.1980326409385094
1856,20141023,1.0157607178247012
1857,20141024,1.5737525771639331
1858,20141027,1.8616322588866572
1859,20141028,1.3303734849403726
1860,20141029,1.2454101374386954
1861,20141030,1.0660060155964557
1862,20141031,1.0517115281697527
1863,20141103,0.8393725704627004
1864,20141104,1.4015131773374152
1865,20141105,0.609951569967573
1866,20141106,2.4629273148988755
1867,20141107,1.089777262631014
1868,20141110,0.9726182998736158
1869,20141111,1.1473757076935642
1870,20141112,1.0069483168487672
1871,20141113,0.7551884071434762
1872,20141114,0.7542590789220904
1873,20141117,0.5942917415341881
1874,20141118,2.0241288674243014
1875,20141119,0.8271398829491069
1876,20141120,0.7138369767252637
1877,20141121,1.4377797665542371
1878,20141124,1.3159443665715183
1879,20141125,0.6714838901593879
1880,20141126,0.903586404779312
1881,20141127,0.8905639200059002
1882,20141128,0.6962506058951166
1883,20141201,0.6774436556603501
1884,20141202,0.7783881807284341
1885,20141203,0.4289570883983605
1886,20141204,0.8847549974456066
1887,20141205,0.8045790831789598
1888,20141208,0.6247551493480358
1889,20141209,0.7324344089554011
1890,20141210,0.9974287293033848
1891,20141218,2.2958306128138273
1892,20141219,0.7806414438175745
1893,20141222,1.187599717204366
1894,20141223,0.5301225399187866
1895,20141224,0.6914946062431491
1896,20141225,0.7123140310517853
1897,20141226,0.4228669046393444
1898,20141229,0.6563715903561813
1899,20141230,0.9976197093315525
1900,20141231,0.4323944366570128
1901,20150105,0.5803008039669731
1902,20150106,1.184849834721653
1903,20150107,0.7184883549574228
1904,20150108,0.48649722161566994
1905,20150109,0.23988297404458395
1906,20150112,0.7986673855853582
1907,20150113,1.363462905443517
1908,20150114,0.7738651980873172
1909,20150115,0.5491465641007541
1910,20150116,0.8196457319407626
1911,20150119,1.1002412340563221
1912,20150120,0.7377365858253463
1913,20150121,0.47365901803579374
1914,20150122,0.7985247299227775
1915,20150123,0.7998169361995338
1916,20150126,1.2732451447237056
1917,20150127,0.8576301364857598
1918,20150128,0.6261185602818912
1919,20150129,0.9575863392842623
1920,20150130,1.1891246968438243
1921,20150202,0.9696639524204507
1922,20150203,0.4661617909608061
1923,20150204,0.36076713256622095
1924,20150205,0.5564199074419164
1925,20150206,1.0099163284728299
1926,20150209,0.4435438504383345
1927,20150210,0.5157682570883495
1928,20150211,0.8528796479658142
1929,20150212,0.5218026193063835
1930,20150213,0.7848252948950823
1931,20150216,0.5880154371829169
1932,20150217,0.4843906292032827
1933,20150225,0.6298505487750369
1934,20150226,0.3012948591668007
1935,20150227,1.2629803158629964
1936,20150302,1.2975262982208413
1937,20150303,1.5706072955847228
1938,20150304,0.7620661879463086
1939,20150305,0.8559002278906641
1940,20150306,1.2734204353678729
1941,20150309,0.5718546373965873
1942,20150310,0.7361065433539431
1943,20150311,0.9944011731238422
1944,20150312,0.6843235338461289
1945,20150313,0.9747628661292467
1946,20150316,0.6354390907692474
1947,20150317,0.6307604811253669
1948,20150318,0.9733796825581653
1949,20150319,0.7318688477275629
1950,20150320,0.4890621630251905
1951,20150323,0.5141080538994212
1952,20150324,1.30780179323636
1953,20150325,1.1688123028329498
1954,20150326,1.1319237938114401
1955,20150327,0.7731787419409818
1956,20150330,0.650713333397937
1957,20150331,0.6756878660309645
1958,20150401,1.533956254390319
1959,20150402,1.4805976603725541
1960,20150403,2.6280586078616497
1961,20150414,1.1582884127559219
1962,20150415,1.7556533983257985
1963,20150416,1.5811285777354975
1964,20150417,0.8226643390736152
1965,20150420,0.7903308115298122
1966,20150421,0.9405083167156039
1967,20150422,0.7029977207582079
1968,20150423,0.5961450108935448
1969,20150424,0.9297300775553825
1970,20150427,0.9207231365000031
1971,20150428,1.0584849396094216
1972,20150429,1.0294325284343417
1973,20150430,1.4804936772620743
1974,20150504,2.6821584379370758
1975,20150505,0.7651685860350433
1976,20150506,1.4584899252795958
1977,20150507,0.7723864691591491
1978,20150508,2.0140578934763127
1979,20150511,1.2217773474812201
1980,20150512,0.7564339656357845
1981,20150513,2.5855042969018287
1982,20150514,2.287644384817786
1983,20150515,2.0874928479247905
1984,20150518,2.437882117125717
1985,20150519,1.315324455611855
1986,20150520,2.0669437765781034
1987,20150521,2.23393141340735
1988,20150522,2.3532728075006504
1989,20150525,1.541647331773563
1990,20150526,0.8905797648711271
1991,20150527,2.2778116215254323
1992,20150528,1.299577233861072
1993,20150529,1.2612352569732228
1994,20150601,1.3604694013357963
1995,20150602,2.2375388191204393
1996,20150603,1.9725708969370765
1997,20150604,1.9682529434156102
1998,20150605,2.0385618186310026
1999,20150608,0.8860220242891993
2000,20150609,1.4134128679361837
2001,20150610,1.8449042170664982
2002,20150611,2.043376577218307
2003,20150612,2.757005265827084
2004,20150615,1.369774249935909
2005,20150616,1.3817440116885618
2006,20150617,2.1761362731353042
2007,20150618,1.537953244365348
2008,20150619,1.6783893158036842
2009,20150623,1.404718012594353
2010,20150624,1.654581211323531
2011,20150625,1.245147166993843
2012,20150626,0.6992945570411901
2013,20150629,1.104790206913103
2014,20150630,0.7795699398957379
2015,20150701,1.7330565372929294
2016,20150921,0.0
2017,20150922,0.0
2018,20150923,4.4184367945111775
2019,20150924,2.6502801448602953
2020,20150925,1.5476909875082874
2021,20150928,2.4694266625749046
2022,20150929,1.123235060650518
2023,20150930,1.0866154734892888
2024,20151008,0.9723475241242755
2025,20151009,1.3036024693909567
2026,20151012,1.1967496040818424
2027,20151013,1.2920445247929213
2028,20151014,2.28770540943886
2029,20151015,1.1473151635381627
2030,20151016,1.328663666218224
2031,20151019,1.309692633641235
2032,20151020,1.152593952020535
2033,20151021,1.41912749765609
2034,20151022,2.2433830906527263
2035,20151023,1.6417322422597471
2036,20151026,1.950172830712831
2037,20151027,1.359698743675636
2038,20151028,2.1330488004939
2039,20151029,1.8776378349157847
2040,20151030,1.4294187858603393
2041,20151102,1.0437158866674734
2042,20151103,0.8882541144286489
2043,20151104,0.8865219909629315
2044,20151105,0.6127568912932613
2045,20151106,0.5429158681448131
2046,20151109,0.9376597060202961
2047,20151110,1.0815974516021778
2048,20151111,1.3950336372350436
2049,20151112,1.6393296876400367
2050,20151113,1.3455249427147762
2051,20151116,1.522268754935235
2052,20151117,1.1013370443941073
2053,20151118,1.5152173658428918
2054,20151119,1.3276727780821034
2055,20151120,1.371633247055332
2056,20151123,1.587236393612279
2057,20151124,1.7960481091105986
2058,20151125,0.8212672429704294
2059,20151126,0.9085794163873092
2060,20151127,1.3158681969573647
2061,20151130,1.7111364706417485
2062,20151201,0.8850477787499916
2063,20151202,0.9372296446206099
2064,20151203,1.1067797624537954
2065,20151204,1.248033093512764
2066,20151207,0.860058854690891
2067,20151208,1.0314382224009027
2068,20151209,1.2991944574735559
2069,20151210,1.067376796355198
2070,20151211,1.679513288425913
2071,20151214,0.9292586475286214
2072,20151215,0.6111092426733553
2073,20151216,0.8551687807707258
2074,20151217,1.1781033463161845
2075,20151218,0.776697565409294
2076,20151221,2.5450751468637343
2077,20151222,1.0287863065183622
2078,20151223,0.9917872234555807
2079,20151224,1.2722228396132262
2080,20151225,1.006521452250559
2081,20151228,1.3862893244786105
2082,20151229,1.3128697759498322
2083,20151230,0.8586656110967812
2084,20151231,1.349669088708391
2085,20160104,1.1687548030003674
2086,20160105,1.1303474611901008
2087,20160106,0.9843468583481498
2088,20160107,1.096262460195555
2089,20160108,1.4899041964714028
2090,20160111,1.1208592002520676
2091,20160112,1.3150181272562242
2092,20160113,1.202677383060845
2093,20160114,1.3471956961048905
2094,20160115,1.4234425698324422
2095,20160118,1.4246672837360301
2096,20160119,0.968947213725511
2097,20160120,0.87715207548761
2098,20160121,1.0808271710307806
2099,20160122,1.2535127813101499
2100,20160201,2.1804926010826686
2101,20160202,1.5361564906364842
2102,20160203,1.2398176496507076
2103,20160204,0.9795764396248151
2104,20160205,1.552208845800429
2105,20160215,0.8911989275644022
2106,20160216,1.0671410743013985
2107,20160217,0.8836754204259003
2108,20160218,1.4679381831332978
2109,20160219,0.8833008541670726
2110,20160222,0.6566982249677514
2111,20160223,1.0579733911850853
2112,20160224,0.7508923374188445
2113,20160225,1.5985931426717805
2114,20160226,1.7138480492772292
2115,20160229,1.6635355120921436
2116,20160301,1.0426010325366892
2117,20160302,0.9750544901312388
2118,20160303,1.4121690531386628
2119,20160304,1.605374654609584
2120,20160307,0.8790056993807819
2121,20160308,1.1341592457824465
2122,20160309,0.9086728329675567
2123,20160310,1.0897084546447156
2124,20160311,0.7925890809587132
2125,20160314,1.1493253425420804
2126,20160315,0.67100383640711
2127,20160316,1.0050221135518353
2128,20160317,1.1009467560063224
2129,20160318,1.1782271043895736
2130,20160321,1.5876663242327853
2131,20160322,1.3073445437686306
2132,20160323,0.9965023535106625
2133,20160324,2.3620385072869285
2134,20160325,2.7037693919591956
2135,20160328,2.9731036968790105
2136,20160329,1.3051344434713468
2137,20160330,1.2814197168019412
2138,20160331,1.4993343166027897
2139,20160401,1.1411898193831855
2140,20160405,1.2070670698631956
2141,20160406,1.204413564986457
2142,20160407,2.3691618825201624
2143,20160408,1.0475064500553248
2144,20160411,0.9090638309752531
2145,20160412,1.2406189278304143
2146,20160413,1.0665580008779587
2147,20160428,1.7225220118800608
2148,20160429,1.2297811198286155
2149,20160503,1.7799585981601191
2150,20160504,3.365889421327208
2151,20160505,2.3218794949431447
2152,20160506,1.489866903847356
2153,20160510,1.613215414101852
2154,20160511,1.9064854342239208
2155,20160512,1.6489434841900443
2156,20160513,2.6350416913734653
2157,20160516,1.3943433224593622
2158,20160517,2.8945216412720494
2159,20160518,1.9701890983762866
2160,20160519,1.3260841884340797
2161,20160520,1.5377661262208762
2162,20160523,1.8261075017619277
2163,20160524,1.5302501241465143
2164,20160525,1.9749624057543973
2165,20160526,1.8636020728872142
2166,20160527,1.3005145521527708
2167,20160530,2.7587460886396578
2168,20160531,1.7462721383634505
2169,20160601,2.4666239444535125
2170,20160602,2.3211202079479114
2171,20160603,1.4756022375334978
2172,20160606,1.4851113041278885
2173,20160607,2.336131660062196
2174,20160608,2.7688957880941603
2175,20160613,2.874162891709589
2176,20160614,2.1881734282781995
2177,20160615,2.951158469300322
2178,20160616,3.672667052305791
2179,20160617,2.9714309351187835
2180,20160620,5.354687321708338
2181,20160621,2.259994771644014
2182,20160622,1.4822705750634855
2183,20160623,2.8706499397514365
2184,20160624,1.9328217637354477
2185,20160627,2.7710688391582208
2186,20160628,2.082721943603841
2187,20160629,1.9222928406235653
2188,20160630,2.0940376456908845
2189,20160701,1.8779550968669565
2190,20160704,1.3106132886165427
2191,20160705,4.018263675642814
2192,20160706,2.4445911771501994
2193,20160707,1.2373610604881178
2194,20160708,2.956141430158957
2195,20160711,1.3911908875118928
2196,20160712,1.3310978139045935
2197,20160713,1.6295926654755244
2198,20160714,1.6459235210760506
2199,20160715,1.942385027603611
2200,20160718,1.7227505368452731
2201,20160719,1.1349507845274824
2202,20160720,2.743527574204549
2203,20160721,2.3407178665174233
2204,20160722,1.8646373477880438
2205,20160725,2.3976750859938845
2206,20160726,4.412150938006116
2207,20160727,1.9713983613770316
2208,20160728,3.1194759555470646
2209,20160729,2.985384298817938
2210,20160801,2.3256968384998746
2211,20160802,1.8961457623494358
2212,20160803,1.9449092037151634
2213,20160804,2.2874185225756647
2214,20160805,1.6182613679342226
2215,20160808,1.3753666068308494
2216,20160809,1.5456212775120977
2217,20160810,1.5302077376958036
2218,20160811,1.7385736940370766
2219,20160812,1.1098244208006716
2220,20160815,1.2052039344268994
2221,20160816,1.0452927605832758
2222,20160817,1.1235687524262028
2223,20160818,3.1304014417565926
2224,20160819,0.852808844739267
2225,20160822,1.3958421498033613
2226,20160823,2.2811199201972374
2227,20160824,1.045770814456729
2228,20160825,2.696692076408306
2229,20160826,2.0318604025651736
2230,20160829,1.9890132355095838
2231,20160830,1.1628807258716143
2232,20160831,0.9027007914781425
2233,20160901,0.7917062503826254
2234,20160902,1.1585854450488537
2235,20160905,1.1807727165203223
2236,20160906,1.3154532610045524
2237,20160907,0.8522371696692894
2238,20160908,1.168882665591649
2239,20160909,1.235786855436416
2240,20160912,1.780613398525941
2241,20160913,0.7562888288476185
2242,20160914,1.9413293629531445
2243,20160919,0.8311349808542075
2244,20160920,2.5953295928902578
2245,20160921,1.1673225081133347
2246,20160922,0.8778525409362432
2247,20160923,1.6471978010367903
2248,20160926,1.2479285589004694
2249,20160927,1.3418720193573896
2250,20160928,0.9848260778398215
2251,20160929,0.8809318191707551
2252,20160930,0.9064498047711889
2253,20161010,1.0036701975041176
2254,20161011,1.1489373801643887
2255,20161012,0.650806644503038
2256,20161013,0.5454370771388827
2257,20161014,1.7795760072255704
2258,20161017,1.3556788760022518
2259,20161018,1.0133444743059354
2260,20161019,1.2173161706487705
2261,20161020,1.0658198705966622
2262,20161021,1.4153001609037923
2263,20161024,0.7352999168230795
2264,20161025,0.5686540642655157
2265,20161026,1.4176533832109948
2266,20161027,1.3134794826768894
2267,20161122,2.235550041675173
2268,20161123,0.7586725342602401
2269,20161124,0.9210474567817141
2270,20161125,1.4877847320411666
2271,20161128,0.5689740782926157
2272,20161129,1.0090084193789677
2273,20161130,0.8138563817268428
2274,20161201,0.9384130177637362
2275,20161202,0.8751657645936992
2276,20161205,1.0854047128828899
2277,20161206,0.6816943806966153
2278,20161207,0.7237026786010594
2279,20161208,0.7710790934550369
2280,20161209,1.3739917369928263
2281,20161212,1.846718943070734
2282,20161213,1.6892387123583958
2283,20161214,1.0081062090056216
2284,20161215,0.951827421987207
2285,20161216,0.8736612531734711
2286,20161219,0.5040299634257601
2287,20161220,2.3660571742213663
2288,20161221,0.893570978721105
2289,20161222,1.6852036873533929
2290,20161223,0.7469178087895088
2291,20161226,1.287133050399023
2292,20161227,0.7420994634214262
2293,20161228,1.4289389543388966
2294,20161229,0.7535447473944209
2295,20161230,0.5897251065054222
2296,20170103,0.36834529517007386
2297,20170104,0.9389159406778239
2298,20170105,3.2713896513335863
2299,20170106,1.8982906039677485
2300,20170109,0.9583113051775627
2301,20170110,0.6876859588041491
2302,20170111,1.4410553213863169
2303,20170112,1.3987797628008536
2304,20170113,0.8273672621031081
2305,20170116,1.7788395683608373
2306,20170117,2.8655610673541227
2307,20170118,1.9803278046393178
2308,20170119,1.2313536128087244
2309,20170120,1.1190215238472663
2310,20170123,1.725905250926097
2311,20170124,0.8914125194587155
2312,20170125,0.8190075178852105
2313,20170126,0.42187925791759845
2314,20170203,1.3366318206904007
2315,20170206,0.582175454537423
2316,20170207,1.4290374649351978
2317,20170208,0.7313769380143182
2318,20170209,1.6434984478095238
2319,20170210,0.5403748686248301
2320,20170213,0.7080863218770237
2321,20170214,0.7950034746773845
2322,20170215,0.6739994080050281
2323,20170216,0.4168113820068244
2324,20170217,1.2768105039599058
2325,20170220,0.8771556395897243
2326,20170221,0.7648647283005684
2327,20170222,0.5649702429617437
2328,20170223,0.7344819014793244
2329,20170224,0.7328954380391689
2330,20170227,0.9780133851374925
2331,20170228,0.43899302734138007
2332,20170301,0.7179843963945305
2333,20170302,1.019898959769353
2334,20170303,0.6438837212849094
2335,20170306,2.1397626958200138
2336,20170307,0.5287462647040824
2337,20170308,1.1087628185792635
2338,20170309,1.4128340975956468
2339,20170310,0.6739029288954586
2340,20170313,1.9337040870130118
2341,20170314,3.652532508984581
2342,20170315,1.5712348197665458
2343,20170316,0.9158167662700809
2344,20170317,0.8923372309372136
2345,20171012,0.0
2346,20171013,4.963735532112812
2347,20171016,1.7491178819911701
2348,20171017,1.7282350418862555
2349,20171018,1.8482930928695023
2350,20171019,1.4455217613549163
2351,20171020,1.0051891862832976
2352,20171023,1.1794075776840658
2353,20171024,1.048351529837565
2354,20171025,0.8148958617744629
2355,20171026,0.457804209770869
2356,20171027,1.345448770108268
2357,20171030,2.3430380854969632
2358,20171031,1.181284759070697
2359,20171101,0.41156768064820143
2360,20171102,1.22095759348221
2361,20171103,0.7287652060217631
2362,20171106,0.8366721862319049
2363,20171107,1.063725945363819
2364,20171108,0.8285131638075608
2365,20171109,0.6785952540293873
2366,20171110,0.7607885988189268
2367,20171113,0.49227970290473416
2368,20171114,0.5522292118354478
2369,20171115,0.6520839427596455
2370,20171116,1.0042020961648566
2371,20171117,1.9892001855010404
2372,20171120,0.8382202623321503
2373,20171121,0.8770450930680415
2374,20171122,0.9387640255991526
2375,20171123,0.6312861470801296
2376,20171124,0.5469216176952965
2377,20171127,1.3673661660765457
2378,20171128,1.8627035351512882
2379,20171129,0.8039293722116098
2380,20171130,0.8214528190961595
2381,20171201,0.4498520104322871
2382,20171204,0.6329902797807047
2383,20171205,0.7147941246847668
2384,20171206,0.692090303869101
2385,20171207,1.6180730464802495
2386,20171208,0.689081258084271
2387,20171211,1.2151884422103632
2388,20171212,0.7634952127717163
2389,20171213,1.7585543344694068
2390,20171214,0.8798108098568039
2391,20171215,0.9187847989433662
2392,20171218,1.0334679351048541
2393,20171219,2.3658177521925383
2394,20171220,0.938302061074343
2395,20171229,1.8569192523068538
2396,20180102,0.8586207654251651
2397,20180103,0.6713490419856617
2398,20180104,0.4706893512200806
2399,20180105,0.4222174119835646
2400,20180108,0.6789132432604827
2401,20180109,0.7959815330520233
2402,20180110,0.8014088288412456
2403,20180111,0.7017758652231454
2404,20180112,0.6024126929137136
2405,20180115,1.1655287566476997
2406,20180116,0.5083966092362302
2407,20180117,0.41360538932892976
2408,20180118,0.3060278016458526
2409,20180119,0.24697519493424472
2410,20180122,0.6250199865570141
2411,20180123,0.47506749392962966
2412,20180124,0.5232530635163825
2413,20180125,0.49493018407532036
2414,20180126,0.40526409274750747
2415,20180129,0.41712095148279515
2416,20180130,0.4834428922773266
2417,20180131,0.632693386707896
2418,20180201,2.2551168781703352
2419,20180202,1.4513593071497133
2420,20180205,0.6343396199603437
2421,20180227,1.6847028436171365
2422,20180228,2.6364858156554405
2423,20180301,0.9766279059424563
2424,20180302,4.003394622416435
2425,20180305,1.8798511792499704
2426,20180306,1.4387134245295197
2427,20180307,1.1477430455606201
2428,20180308,1.1642431890760923
2429,20180309,1.5419808601132667
2430,20180312,3.406075532521689
2431,20180313,4.575085357913316
2432,20180314,2.411831289211009
2433,20180315,2.539995995531905
2434,20180316,3.901095815082689
2435,20180319,2.3717097340664077
2436,20180320,1.2597350577016804
2437,20180321,1.627500285072568
2438,20180322,1.0115318239679225
2439,20180323,0.9487128599175833
2440,20180326,1.946563105908121
2441,20180327,1.604829183372814
2442,20180328,1.279018511512374
2443,20180329,0.6092512697477543
2444,20180330,0.5574040871182019
2445,20180402,1.1719896964452043
2446,20180403,0.8897306625712316
2447,20180404,4.398538285650011
2448,20180409,4.893017345605587
2449,20180410,1.29445565156293
2450,20180411,1.1327492622318611
2451,20180412,1.1984068776794243
2452,20180413,1.2080249232466471
2453,20180416,1.3572337304225521
2454,20180417,2.02973142931536
2455,20180418,1.760705158212947
2456,20180419,4.539155158471412
2457,20180420,1.3974407227513883
2458,20180423,1.6385392292030296
2459,20180424,1.2790957760636144
2460,20180425,1.737505262753305
2461,20180426,1.3583733990352473
2462,20180427,1.0085447251113173
2463,20180502,1.4510515387581358
2464,20180503,1.404402179685846
2465,20180504,1.3643392912301462
2466,20180507,0.9780553682748253
2467,20180508,3.683639331763672
2468,20180509,3.536988926803143
2469,20180510,1.8746941728187752
2470,20180511,1.260786876576305
2471,20180514,3.7597578063665553
2472,20180515,2.066573876137479
2473,20180516,3.461420609543834
2474,20180517,1.3164646715377635
2475,20180518,1.3240546129892323
2476,20180521,1.763798841962761
2477,20180522,1.076032287912155
2478,20180523,3.973940205495616
2479,20180524,1.7191397417187526
2480,20180525,1.6456149564582776
2481,20180528,1.7785163511965376
2482,20180529,2.9534358855632394
2483,20180530,2.2513617100278345
2484,20180531,1.8813544305995602
2485,20180601,1.426213649176089
2486,20180604,3.8241236764674365
2487,20180605,2.8828660744552987
2488,20180606,1.2455310442531626
2489,20180607,2.0595699079093026
2490,20180608,1.5166141989384658
2491,20180611,2.5644536286064685
2492,20180612,1.5453806305820526
2493,20180613,2.281144056506345
2494,20180614,1.3346513878067956
2495,20180615,1.985061280150478
2496,20180619,1.338288666176564
2497,20180620,1.6821146599338546
2498,20180621,1.2670021623951742
2499,20180622,1.7236270851268096
2500,20180625,1.7620197531880206
2501,20180626,1.359185026694574
2502,20180627,0.6149311836140049
2503,20180628,1.8136249513474634
2504,20180629,1.4381977720441146
2505,20180702,0.7979535680566556
2506,20180703,1.2174740596524092
2507,20180704,1.1310756509576685
2508,20180705,1.411782085846464
2509,20180706,1.1691594245172876
2510,20180709,0.9428393072631875
2511,20180710,1.1448794367637674
2512,20180711,3.61911432757708
2513,20180712,1.6574679000531118
2514,20180713,1.9982441073134956
2515,20180716,2.495775474430506
2516,20180717,0.9844709841454147
2517,20180718,1.2308227159304186
2518,20180719,1.5123210104717668
2519,20180720,0.7380945016837448
2520,20180723,0.5531833303146507
2521,20180724,0.7216613748602553
2522,20180725,1.0771308016532235
2523,20180726,0.8510401839775333
2524,20180727,1.1963460024930073
2525,20180730,1.4299174087866142
2526,20180731,0.9633092542679833
2527,20180801,2.0126466078306997
2528,20180802,0.8997110446132457
2529,20180803,0.7843475751401275
2530,20180806,1.0438145981044185
2531,20180807,0.8669040548901382
2532,20180808,1.0678424989709545
2533,20180809,1.0303894877840638
2534,20180810,1.372762180840766
2535,20180813,1.003576595600301
2536,20180814,1.2616051962620114
2537,20180815,1.0658466797990833
2538,20180816,0.832412512834564
2539,20180817,0.6889333762650143
2540,20180820,1.1898080179730284
2541,20180821,1.1169536713132049
2542,20180822,1.0976846133049378
2543,20180823,1.1155279052694942
2544,20180824,0.7299320226411532
2545,20180827,2.4751740173522054
2546,20180828,1.522000047717651
2547,20180829,3.1728514930607443
2548,20180830,1.9225353859014827
2549,20180831,2.564210850430321
2550,20180903,1.2122243768554668
2551,20180904,0.9884171398532765
2552,20180905,1.9275441319670052
2553,20180906,1.6910202980693765
2554,20180907,0.7819869928685753
2555,20180910,4.336303921191829
2556,20180911,3.030538372673785
2557,20180912,3.164348737174877
2558,20180913,1.0634534338846957
2559,20180914,1.4476122138180152
2560,20180917,1.5731044922483484
2561,20180918,1.3027933869114214
2562,20180919,0.7697457007250799
2563,20180920,1.730319262175816
2564,20180921,0.8565676144215608
2565,20180925,1.0833036199142465
2566,20180926,0.7570196482068542
2567,20180927,1.2320657401404937
2568,20180928,1.8592703265745893
2569,20181008,1.0565342977900987
2570,20181009,0.9375332150103244
2571,20181010,1.5784482697902857
2572,20181011,1.1519500945098156
2573,20181012,1.5972650309485596
2574,20181015,1.2468522745055197
2575,20181016,1.0481187183036622
2576,20181017,0.6903236425439601
2577,20181018,1.5832467613595163
2578,20181019,1.530763431147354
2579,20181022,1.0003915508275776
2580,20181023,1.7123286741862036
2581,20181024,2.4303522830256274
2582,20181025,3.492184865882936
2583,20181026,0.7176661714822449
2584,20181029,2.541649362332789
2585,20181030,2.426071349578698
2586,20181031,3.154758288177228
2587,20181101,1.1439658383892595
2588,20181102,1.3624710503405992
2589,20181105,3.1641768579320932
2590,20181106,2.177592374410112
2591,20181107,2.04101189343529
2592,20181108,2.988804677874334
2593,20181109,3.2828986169602774
2594,20181112,3.023336115373434
2595,20181113,1.261927145970543
2596,20181114,4.762053478872492
2597,20181115,1.7927877217056254
2598,20181116,2.2336038458299097
2599,20181119,2.3708185384047415
2600,20181120,1.984176534701361
2601,20181121,4.153380360062404
2602,20181122,2.2131770043004173
2603,20181123,2.8122795183108713
2604,20181126,1.526510933494552
2605,20181127,1.5330931255038682
2606,20181128,1.9729711343730192
2607,20181129,1.93408626651935
2608,20181130,1.968758051643547
2609,20181203,1.242905538293758
2610,20181204,1.526196410977601
2611,20181205,0.8856582627824489
2612,20181206,2.5232320616589523
2613,20181207,2.7678530150573284
2614,20181210,2.291533789834311
2615,20181211,5.228012620814373
2616,20181212,5.642956917301988
2617,20181213,2.9863184543698065
2618,20181214,2.3535534413046064
2619,20181217,3.058812247703798
2620,20181218,2.913651079773056
2621,20181219,1.2941294543921422
2622,20181220,2.663298860208267
2623,20181221,1.48886414871164
2624,20181224,1.1674310006858304
2625,20181225,2.538440802836562
2626,20181226,1.7747603948907278
2627,20181227,2.1786028263208737
2628,20181228,1.724508593179811
2629,20190102,1.1904390053085092
2630,20190103,1.7089131816483927
2631,20190104,1.254156538140687
2632,20190107,1.8238001542628093
2633,20190108,4.9818423537294185
2634,20190109,3.887456682214971
2635,20190110,1.5377343407021529
2636,20190111,1.8909575047667246
2637,20190114,1.0124470131098093
2638,20190115,1.235141076104794
2639,20190116,1.587669230292602
2640,20190117,1.650702129716518
2641,20190118,1.2557915231724015
2642,20190121,2.7806470919826785
2643,20190122,0.7413958518015122
2644,20190123,2.2606880658160358
2645,20190124,1.1833647949131176
2646,20190125,1.1375505479449144
2647,20190128,1.190167017871015
2648,20190129,1.137565665785955
2649,20190130,1.9865563589180424
2650,20190131,2.046279214308124
2651,20190201,2.3818596193563497
2652,20190211,1.0695658425705363
2653,20190212,3.675758793223161
2654,20190213,0.9331644594103704
2655,20190214,1.0003429832179673
2656,20190215,3.1483851368905387
2657,20190218,2.431535117645293
2658,20190219,3.15787215326063
2659,20190220,1.2447871667373827
2660,20190221,1.0248878163772501
2661,20190222,0.5690754438657805
2662,20190225,0.8527476235444081
2663,20190226,1.316661594636921
2664,20190227,1.498057193446149
2665,20190228,1.1411880072266976
2666,20190301,1.3179659509787636
2667,20190304,1.1853493953134597
2668,20190305,2.3215505015924114
2669,20190306,3.2953758807560796
2670,20190307,2.838805006987088
2671,20190308,1.3994649675315536
2672,20190311,1.5355709989720623
2673,20190312,1.1099137096996858
2674,20190313,0.9576520550004113
2675,20190314,2.178533388643425
2676,20190315,0.0
2677,20190318,3.577564359541535
2678,20190319,3.9375608965783324
2679,20190320,1.3845441005757861
2680,20190321,2.214104062235553
2681,20190322,1.5684541057867607
2682,20190325,1.4054837710501489
2683,20190326,1.4838401134932164
2684,20190327,1.4520070336471238
2685,20190328,2.2072152722566267
2686,20190329,1.5835906961538153
2687,20190401,1.4252026441558088
2688,20190402,0.981644346499803
2689,20190403,0.9345544343568924
2690,20190404,0.6388030496953858
2691,20190408,1.0973820969541592
2692,20190409,0.7496191695040028
2693,20190410,1.5159734883591407
2694,20190411,2.543833338505499
2695,20190412,1.4674016740139446
2696,20190415,1.1633475086791505
2697,20190416,0.9536088847150316
2698,20190417,1.0530164168002747
2699,20190418,1.0188817975600835
2700,20190419,1.675578139405696
2701,20190422,0.6724291342886337
2702,20190423,1.0951635251283565
2703,20190424,1.1042791853279517
2704,20190425,1.686543569751027
2705,20190426,0.8995070502960778
2706,20190429,2.0465912751418243
2707,20190430,2.1140240934794563
2708,20190506,2.237654486277739
2709,20190507,1.5748063358673021
2710,20190508,1.4449756654986246
2711,20190509,1.0519546882969062
2712,20190510,1.0985960316648364
2713,20190513,0.8222952722596261
2714,20190514,1.2969270189343203
2715,20190515,1.1360336225547414
2716,20190516,0.6860421337496528
2717,20190517,1.3841531117372077
2718,20190520,2.014251163251601
2719,20190521,1.5895618556107214
2720,20190522,1.0479463948745855
2721,20190523,1.2702102784228277
2722,20190524,1.2259609250372827
2723,20190527,1.1488142096008307
2724,20190528,1.1195768088409703
2725,20190529,1.5727553347411567
2726,20190530,0.9941730149685889
2727,20190531,1.0726964853099648
2728,20190603,1.2643493436855586
2729,20190604,0.9147626753286136
2730,20190605,1.4045109214088443
2731,20190606,0.9476132881172253
2732,20190610,0.9254512633108656
2733,20190611,1.8484117972061378
2734,20190612,2.485132679351957
2735,20190613,4.030089985108812
2736,20190614,1.7588454481546354
2737,20190617,1.1661986596036562
2738,20190618,1.1407234062459963
2739,20190619,0.7875240771736082
2740,20190620,0.6880867384429791
2741,20190621,1.4712263903924452
2742,20190624,4.861411263191333
2743,20190625,0.8313818755972783
2744,20190626,1.79816977555129
2745,20190627,1.5701308619960914
2746,20190628,1.2037584264873453
2747,20190701,0.7749608338770549
2748,20190702,2.7428523665471762
2749,20190703,2.141124293616944
2750,20190704,1.59843944567492
2751,20190705,0.9573112355911051
2752,20190708,1.5560670071188416
2753,20190709,1.0575961758676147
2754,20190710,0.7620706240533295
2755,20190711,1.1683654505868224
2756,20190712,0.9148362952349647
2757,20190715,2.0747678266907386
2758,20190716,1.2739840662134232
2759,20190717,0.9013198504888323
2760,20190718,1.3626787195154628
2761,20190719,1.377525432449567
2762,20190722,1.8744591438980827
2763,20190723,1.548150897565179
2764,20190724,1.359065540065939
2765,20190725,0.7396050768900063
2766,20190726,1.3613959216207616
2767,20190729,0.7585468236928355
2768,20190730,0.7608976355532865
2769,20190731,1.168542771954277
2770,20190801,1.2250779526256872
2771,20190802,1.6656394936485701
2772,20190805,1.119256672266102
2773,20190806,1.468039461980834
2774,20190807,1.6787433240083391
2775,20190808,1.2226273896064423
2776,20190809,3.606088936851527
2777,20190812,1.6767360016480348
2778,20190813,0.7166014171511489
2779,20190814,1.1845010838973435
2780,20190815,2.0223132032129123
2781,20190816,1.9355279150669735
2782,20190819,2.369528918180805
2783,20190820,4.341284120503217
2784,20190821,1.9360634747572256
2785,20190822,2.807423086113434
2786,20190823,1.0359081958892724
2787,20190826,1.3739594251395704
2788,20190827,1.0862969067891977
2789,20190828,3.1813106990150644
2790,20190829,1.579011188887582
2791,20190830,1.4543941063981163
2792,20190902,1.6719838246414764
2793,20190903,1.1535412709873936
2794,20190904,0.8195422687227492
2795,20190905,1.2452026351690761
2796,20190906,1.4178788421696737
2797,20190909,1.0200439540962307
2798,20190910,2.199916828504316
2799,20190911,1.146440316917866
2800,20190912,0.8238176161722423
2801,20190916,1.2257722602014731
2802,20190917,1.4950287781357567
2803,20190918,0.8633287627102676
2804,20190919,1.04950245488191
2805,20190920,1.0656803975258677
2806,20190923,1.140449115565033
2807,20190924,0.8255381886059074
2808,20190925,1.205780315319309
2809,20190926,0.9407260419941018
2810,20190927,1.3166929470979067
2811,20190930,1.1163399413240014
2812,20191008,0.8841296537431076
2813,20191009,1.6122892569351832
2814,20191010,0.9832215110598381
2815,20191011,2.368350160176954
2816,20191014,1.2476401962439772
2817,20191015,2.767848563550389
2818,20191016,1.0150797754482552
2819,20191017,1.1118197398462595
2820,20191018,0.6543510331552777
2821,20191021,0.7334535888168641
2822,20191022,0.9419222155856631
2823,20191023,0.5420731491347887
2824,20191024,0.6872139693528335
2825,20191025,1.4124275414181986
2826,20191028,0.7691494695353699
2827,20191029,1.2545172712672987
2828,20191030,1.554266072093124
2829,20191031,1.0773457024167599
2830,20191101,1.1795483229210544
2831,20191104,1.430766730770537
2832,20191105,1.3513818117680556
2833,20191106,0.7027457428963767
2834,20191107,1.0657793286691926
2835,20191108,0.8583152434800122
2836,20191111,1.391404852296858
2837,20191112,1.3518104914441755
2838,20191113,0.7628763884889254
2839,20191114,1.013955878111416
2840,20191115,1.3369569867953877
2841,20191118,0.7266311602894324
2842,20191119,1.2114342013847839
2843,20191120,3.6357753788044858
2844,20191121,2.041330440509549
2845,20191122,2.9037092542874805
2846,20191125,1.0208393755595189
2847,20191126,2.5070205199305287
2848,20191127,2.2186322716953395
2849,20191128,1.311208491975926
2850,20191129,0.9225395465417058
2851,20191202,0.8569567392245538
2852,20191203,1.4314978467735202
2853,20191204,1.5704172064133175
2854,20191205,0.9115339319634016
2855,20191206,0.9160385511539042
2856,20191209,0.7986931827628287
2857,20191210,3.6183973161942453
2858,20191211,1.4513584189727573
2859,20191212,1.1545052116494834
2860,20191213,0.5475438807856186
2861,20191216,1.2525300874537462
2862,20191217,0.7780558167994948
2863,20191218,0.5637367407367848
2864,20191219,1.6269833014338584
2865,20191220,1.105735554936489
2866,20191223,1.1341669283765106
2867,20191224,1.0213128420244382
2868,20191225,0.8099803161308108
2869,20191226,5.156013898531358
2870,20191227,2.383752810062695
2871,20191230,0.9857498341428801
2872,20191231,2.711294489440438
2873,20200102,1.0240889352795268
2874,20200103,0.8342856570058544
2875,20200106,2.1186525804554925
2876,20200107,1.384597270579628
2877,20200108,3.7537159446595676
2878,20200109,2.310895637695138
2879,20200110,2.5696841840523397
2880,20200113,0.9404097813853035
2881,20200114,1.00524482115013
2882,20200115,0.9945583814497554
2883,20200116,1.5388525791840006
2884,20200117,1.0726290317385596
2885,20200120,2.863681306803476
2886,20200121,2.252556741666313
2887,20200122,1.5971825893416138
2888,20200123,1.3368244808035985
2889,20200203,2.4303065202062997
2890,20200204,1.4181955980896503
2891,20200205,1.0829741994543804
2892,20200206,1.9111010033001468
2893,20200207,1.666066875451355
2894,20200210,0.0
2895,20200211,5.8339366738104985
2896,20200212,2.5922163357659267
2897,20200213,2.064906068983341
2898,20200214,1.9846813719598007
2899,20200217,1.7199021650839548
2900,20200218,1.284121094915405
2901,20200219,1.4593806840298107
2902,20200220,1.625055280881534
2903,20200221,1.4511967882479142
2904,20200224,1.1821900377036332
2905,20200225,1.5011182633992552
2906,20200226,2.391979191523347
2907,20200227,4.437890943216817
2908,20200228,2.912277853307076
2909,20200302,2.005472942769608
2910,20200303,0.896689668429204
2911,20200304,3.003285909428939
2912,20200305,1.1819706369924856
2913,20200306,2.9023515744827324
2914,20200309,3.1105451015364527
2915,20200310,1.0996133072532452
2916,20200311,0.0
2917,20200312,6.8420031674394926
2918,20200313,0.9717234572118082
2919,20200316,1.4345548787954385
2920,20200317,1.775002277945226
2921,20200318,1.7808032848240734
2922,20200319,1.6971003650132153
2923,20200320,1.4701449932589539
2924,20200323,2.200065032174018
2925,20200324,2.5761839773171884
2926,20200325,1.501509342125649
2927,20200326,1.1797471241655122
2928,20200327,1.7013700794212796
2929,20200330,1.578684805264535
2930,20200331,1.958819528913793
2931,20200401,2.735717354963072
2932,20200402,1.6269950043501358
2933,20200403,4.711274391522491
2934,20200407,1.9307973515252739
2935,20200408,1.5064040933716427
2936,20200409,0.8483657146214699
2937,20200410,2.2042928320001742
2938,20200413,4.242721318198255
2939,20200414,2.9602200671468597
2940,20200415,2.7865562722414783
2941,20200416,1.6598734694486108
2942,20200417,3.214617415526587
2943,20200420,1.3860426638108772
2944,20200421,2.0782732157835375
2945,20200422,1.4366947954432048
2946,20200423,1.3372948823338173
2947,20200424,1.8280837733130602
2948,20200427,1.5286582474430215
2949,20200428,2.446670641524731
2950,20200430,0.0
2951,20200506,0.0
2952,20200507,0.0
2953,20200508,1.8460082107521234
2954,20200511,0.9798670898622746
2955,20200512,0.6485199711370889
2956,20200513,0.0
2957,20200514,0.0
2958,20200515,2.5882124372291795
2959,20200518,0.0
2960,20200519,0.0
2961,20200520,4.1164398164494695
2962,20200521,2.8398859299681436
2963,20200522,1.0624601785682226
2964,20200525,0.8125978319109292
2965,20200526,1.8098996234199471
2966,20200527,1.3201412058410846
2967,20200528,1.3602293375438077
2968,20200529,0.6674140974092305
2969,20200601,0.3878287254745942
2970,20200602,0.6342416854222411
2971,20200603,0.6308665697201289
2972,20200604,2.1919623053072925
2973,20200605,1.6384647578057057
2974,20200608,0.0
2975,20200609,2.0848207131508065
2976,20200610,2.4867589102817647
2977,20200611,2.425715232774009
2978,20200612,1.9630904498328212
2979,20200615,2.526072057647129
2980,20200616,1.621251859687828
2981,20200617,1.4824518784071978
2982,20200618,1.3079492178739822
2983,20200619,1.9361985846521328
2984,20200622,1.5174180252205074
2985,20200623,1.719095984207557
2986,20200624,0.0
2987,20200629,3.6313574112009976
2988,20200630,2.0366678734527364
2989,20200701,2.0111785687017605
2990,20200702,1.212891975358158
2991,20200703,1.7066092426535333
2992,20200706,0.7755004983028532
2993,20200707,0.8695488700265049
2994,20200708,0.5949741713741606
2995,20200709,1.3718675469066193
2996,20200710,1.855676395282151
2997,20200713,1.3101517854870273
2998,20200714,0.8376624016293596
2999,20200715,0.7771927022882125
3000,20200716,0.8997248313575458
3001,20200717,1.4363079390756257
3002,20200720,0.940766438780557
3003,20200721,0.7331578786406884
3004,20200722,0.6338965804576544
3005,20200723,0.7513682586147488
3006,20200724,0.8596120813678944
3007,20200727,1.7264901801570653
3008,20200728,0.6522933872468999
3009,20200729,0.4516510284362318
3010,20200730,0.4563038275387262
3011,20200731,0.8131821407545643
3012,20200803,1.4047555313357827
3013,20200804,0.812088044580256
3014,20200805,0.816766513210147
3015,20200806,0.7279074790528642
3016,20200807,0.8220535259555737
3017,20200810,0.5140096012349595
3018,20200811,0.5257806008701779
3019,20200812,1.3665212867117567
3020,20200813,0.0
3021,20200814,0.0
3022,20200817,2.2428376914122308
3023,20200818,0.9580789840240163
3024,20200819,1.1992402459095761
3025,20200820,0.9913935241680996
3026,20200821,1.4025310062818275
3027,20200824,1.8122516271799114
3028,20200825,1.5332573088037162
3029,20200826,1.5390982646287195
3030,20200827,1.005009445992289
3031,20200828,1.4984185096670941
3032,20200831,1.2043225264512862
3033,20200901,1.0766819428577015
3034,20200902,1.001357954716378
3035,20200903,0.6840935659321928
3036,20200904,1.5013201331966048
3037,20200907,0.0
3038,20200908,1.2424530145374688
3039,20200909,0.898136244135532
3040,20200910,0.0
3041,20200911,0.0
3042,20200914,0.0
3043,20200915,3.447894200544688
3044,20200916,1.6786494588478453
3045,20200917,1.9867470317001734
3046,20200918,1.4975877072325285
3047,20200921,2.1258701285063255
3048,20200922,1.6795234604487927
3049,20200923,2.108148856999371
3050,20200924,1.1407718479321869
3051,20200925,1.91991187501538
3052,20200928,2.0640617700225703
3053,20200929,2.5617388444323557
3054,20200930,2.3147681587659905
3055,20201009,0.0
3056,20201012,3.109448417053317
3057,20201013,2.635389062862378
3058,20201014,3.2544995702009496
3059,20201015,1.823909772251626
3060,20201016,1.8867195368095888
3061,20201019,1.7067544240625276
3062,20201020,1.4289170270726028
3063,20201021,1.7223928464498577
3064,20201022,1.347790435075023
3065,20201023,2.063166899224733
3066,20201026,1.220514553650167
3067,20201027,1.6788795386602064
3068,20201028,1.23264954183174
3069,20201029,0.7154472411609685
3070,20201030,1.232242822836184
3071,20201102,0.7818558885044907
3072,20201103,1.5181479876311206
3073,20201104,1.362747207471308
3074,20201105,1.16037190179646
3075,20201106,0.589845880951464
3076,20201109,0.8377009404504859
3077,20201110,0.993936366886415
3078,20201111,1.5703237053800152
3079,20201112,1.81099863202226
3080,20201113,2.0618956172254386
3081,20201116,1.8453091159276522
3082,20201117,1.332751575541702
3083,20201118,1.3437081743062493
3084,20201119,1.087396366077655
3085,20201120,2.056866936283428
3086,20201123,1.600504714233842
3087,20201124,1.3627290428861574
3088,20201125,1.5548179478259538
3089,20201126,1.078910813086421
3090,20201127,1.0141559763924655
3091,20201130,0.6473188641504377
3092,20201201,0.6174634799483504
3093,20201202,0.746750885457411
3094,20201203,0.5765490196317035
3095,20201204,0.7610134856460894
3096,20201207,0.9147946756300017
3097,20201208,0.6384482547752307
3098,20201209,1.2516205561901903
3099,20201210,0.9951405943205797
3100,20201211,1.1216647987166812
3101,20201214,0.5538741039812963
3102,20201215,1.8003324812423929
3103,20201216,1.2848459332092799
3104,20201217,0.707218907192521
3105,20201218,1.0274221558142353
3106,20201221,0.5724289724089093
3107,20201222,0.6274206804368199
3108,20201223,1.4276886609022652
3109,20201224,0.7233963194964703
3110,20201225,1.582194501760534
3111,20201228,1.2024066371044495
3112,20201229,1.0413440372676854
3113,20201230,2.038025258276206
3114,20201231,0.6610845215382405
3115,20210104,0.7127165841673947
3116,20210105,0.6353343684104482
3117,20210106,1.7503503486304217
3118,20210107,1.011260280069598
3119,20210108,1.376123927280423
3120,20210111,1.0448624627823495
3121,20210112,1.191772354081045
3122,20210113,0.8285452628206251
3123,20210114,0.1185258537694224
3124,20210115,0.4637192536193333
3125,20210118,1.5745797382202653
3126,20210119,1.3382204396507915
3127,20210120,1.579959060703964
3128,20210121,0.6960911017053102
3129,20210122,1.1956886573307821
3130,20210125,0.7972783293567575
3131,20210126,1.307404290281482
3132,20210127,1.1697601634646555
3133,20210128,1.3915198091733025
3134,20210129,0.9393493398453436
3135,20210201,1.6828495996829893
3136,20210202,1.0842163020971578
3137,20210203,0.9073479423563832
3138,20210204,0.9337787577427411
3139,20210205,0.6825783737873049
3140,20210208,1.1387632050367915
3141,20210209,1.485460111375714
3142,20210210,1.566869471344165
3143,20210218,0.6557397257056319
3144,20210219,0.9008317178013648
3145,20210222,0.9169720930352574
3146,20210223,1.0074334620155556
3147,20210224,0.6336028286807907
3148,20210225,0.5007217090741415
3149,20210226,0.7699814338670702
3150,20210301,1.2146999689646814
3151,20210302,0.7608150196443871
3152,20210303,0.6510374419617188
3153,20210304,1.1879432892381232
3154,20210305,0.8230377815229408
3155,20210308,0.8470614281996277
3156,20210309,1.4429798732428347
3157,20210310,1.254304687913353
3158,20210311,1.098138587796996
3159,20210312,2.1985440995539003
3160,20210315,1.259302708809092
3161,20210316,0.7118050105316085
3162,20210317,0.9390123126588161
3163,20210318,0.9646544483461021
3164,20210319,0.8018408623979317
3165,20210322,0.5542257652853728
3166,20210323,0.6817225048127319
3167,20210324,0.5340750958010806
3168,20210325,1.6501307585564942
3169,20210326,1.3826350208556548
3170,20210329,0.7583588741491473
3171,20210330,0.6106992715781336
3172,20210331,1.2451039148518532
3173,20210401,1.2083995124910891
3174,20210402,1.0978560662456758
3175,20210406,0.6990107766286154
3176,20210407,0.475400650222602
3177,20210408,0.4983932247062687
3178,20210409,0.8566555331045735
3179,20210412,0.5458327032153214
3180,20210413,0.632984737054131
3181,20210414,1.891437015825577
3182,20210415,1.6812283515579534
3183,20210416,1.1767264430836004
3184,20210419,0.559659795574778
3185,20210420,1.132964158216543
3186,20210421,2.1034593080542616
3187,20210422,0.8638483919713896
3188,20210423,1.7700732123984686
3189,20210426,0.9076303486078908
3190,20210427,1.322212831020641
3191,20210428,1.3282826726705244
3192,20210429,0.8410197072703718
3193,20210430,0.7920570988151616
3194,20210506,0.9097340646452601
3195,20210507,0.8972569252929488
3196,20210510,1.35174668164043
3197,20210511,1.2882500951499147
3198,20210512,1.6608387246118665
3199,20210513,0.9234778653117909
3200,20210514,2.0975768198531095
3201,20210517,0.3951733735137525
3202,20210518,1.1244765858582024
3203,20210519,0.9408596444770402
3204,20210520,1.5794503126362385
3205,20210521,1.1955708936052083
3206,20210524,1.392650299103161
3207,20210525,0.7383741384575092
3208,20210526,1.4052994367361558
3209,20210527,1.1199341910247251
3210,20210528,0.9231627044456296
3211,20210531,0.9172596291912846
3212,20210601,0.5828618692492588
3213,20210602,0.7267112526882625
3214,20210603,0.8829969459508645
3215,20210604,0.8629841472777634
3216,20210607,1.4684055436036252
3217,20210608,0.6800161055038242
3218,20210610,0.0
3219,20210611,1.5765981572949932
3220,20210615,1.0149318352768686
3221,20210616,0.5224469355396122
3222,20210617,0.8814301801599893
3223,20210618,0.4017871897445232
3224,20210621,0.4223382321036646
3225,20210622,0.8916597884784873
3226,20210623,0.584382533591741
3227,20210624,1.32222944626098
3228,20210625,1.792812307741034
3229,20210628,0.8898645423327335
3230,20210629,0.9109011621145021
3231,20210630,0.9999893324592696
3232,20210701,1.0280674602344324
3233,20210702,1.246616878568739
3234,20210705,1.3019978304824862
3235,20210706,0.5469949855821291
3236,20210707,1.6051040458680934
3237,20210708,1.1068130855388993
3238,20210709,1.7731382169090972
3239,20210712,0.4962670021043258
3240,20210713,0.0
3241,20210714,0.0
3242,20210715,2.6496162099983036
3243,20210716,1.5483233225140978
3244,20210719,1.2099516863299709
3245,20210720,1.632530845116999
3246,20210721,1.2806869362450608
3247,20210722,2.568276485907667
3248,20210723,1.2196609426073273
3249,20210726,0.6056600747070958
3250,20210727,0.9730136424197591
3251,20210728,1.7668345209299823
3252,20210729,1.293757484720753
3253,20210730,0.8315311791621011
3254,20210802,0.6101477984928897
3255,20210803,1.2227421463240085
3256,20210804,0.8674551758200474
3257,20210805,0.8470131814389302
3258,20210806,1.1898038562309028
3259,20210809,0.510959600058558
3260,20210810,0.664892939645929
3261,20210811,0.7861986035010794
3262,20210812,0.3852507377476294
3263,20210813,1.2727384306672935
3264,20210816,0.514094426346811
3265,20210817,0.0
3266,20210818,0.874361910523647
3267,20210819,1.2515289813172736
3268,20210820,0.6245748662306538
3269,20210823,2.0125632162968445
3270,20210824,0.6104726948370346
3271,20210825,0.7523744909288839
3272,20210826,1.1931855081489955
3273,20210827,0.47008114830495784
3274,20210830,0.5130299643934194
3275,20210831,0.6239110032903079
3276,20210901,0.5357043995358759
3277,20210902,0.559064151757975
3278,20210903,0.4832140555730161
3279,20210906,0.3118571266757017
3280,20210907,0.7331506402377536
3281,20210908,0.6150607736312265
3282,20210909,0.8515098187182154
3283,20210910,0.5574409330293482
3284,20210913,0.34871657163345665
3285,20210914,0.4069898589832966
3286,20210915,0.9908211672987818
3287,20210916,0.64134137660513
3288,20210917,0.30506620498086173
3289,20210922,0.3380039947742873
3290,20210923,0.4795506499985933
3291,20210924,0.3405728468940741
3292,20210927,0.9919180828326675
3293,20210928,0.496711242781453
3294,20210929,0.4601876861249184
3295,20210930,0.8772786190913666
3296,20211008,0.6670670281592903
3297,20211011,0.7342894454392118
3298,20211012,0.5988137850912272
3299,20211013,0.4929585602793205
3300,20211014,0.29550260088661584
3301,20211015,0.5753882830829534
3302,20211018,0.7923483713629341
3303,20211019,0.6177869485712871
3304,20211020,0.4499635249457695
3305,20211021,0.4829958533429836
3306,20211022,0.44098905709253433
3307,20211025,1.4406442730347138
3308,20211026,1.1122005464496625
3309,20211027,1.1841795512616748
3310,20211028,0.9707891828634652
3311,20211029,1.5393706445401665
3312,20211101,1.2052787257051405
3313,20211102,1.241503211823949
3314,20211103,1.3783220494369848
3315,20211104,1.5679602972179443
3316,20211105,1.1495444934303884
3317,20211108,0.8392429995660922
3318,20211109,1.6535212725734283
3319,20211110,1.312654989011908
3320,20211111,1.145580271626674
3321,20211112,1.1223125077989604
3322,20211115,0.9735416387546542
3323,20211116,0.5083038730325953
3324,20211117,0.5874837759250658
3325,20211118,1.090326591628874
3326,20211119,0.32861586586692854
3327,20211122,1.9194913888631093
3328,20211123,0.7263959826324624
3329,20211124,0.35600151632842275
3330,20211125,1.7184523283527577
3331,20211126,0.9556447802449438
3332,20211129,1.1436848161942064
3333,20211130,1.9163704711440648
3334,20211201,0.8965434501756234
3335,20211202,1.2544276299706891
3336,20211203,1.1527464177439335
3337,20211206,1.5570737763944316
3338,20211207,1.574651595777008
3339,20211208,2.452245813465581
3340,20211209,1.3494673948599947
3341,20211210,1.5279509169448595
3342,20211213,1.6919355751312013
3343,20211214,0.8625206662055153
3344,20211215,1.603874542007331
3345,20211216,0.894247969344287
3346,20211217,0.8703196924148608
3347,20211220,1.5297726048209266
3348,20211221,1.7076513478514377
3349,20211222,1.119230206516234
3350,20211223,0.7041637536880646
3351,20211224,0.7806526134594778
3352,20211227,0.6816318609532012
3353,20211228,1.4782566632663028
3354,20211229,0.5178822937589446
3355,20211230,0.7989908010878698
3356,20211231,0.5989235327616818
3357,20220104,0.9008407283876223
3358,20220105,1.355300303225932
3359,20220106,0.7723459019317844
3360,20220107,1.0431685634830221
3361,20220110,0.7694165018433214
3362,20220111,1.013007567230234
3363,20220112,0.562038382667303
3364,20220113,0.4838853725249916
3365,20220114,0.32856891545441386
3366,20220117,1.412297239486917
3367,20220118,0.9600780170555694
3368,20220119,0.892272735919887
3369,20220120,0.48102680256464625
3370,20220121,0.8950593910248845
3371,20220124,0.6879498139567906
3372,20220125,0.8927859949230056
3373,20220126,0.5609017419705487
3374,20220127,1.1773081031574144
3375,20220128,0.8761650793848768
3376,20220207,1.1128312462085876
3377,20220208,1.5056162963849793
3378,20220209,0.8441028257485681
3379,20220210,0.7252399413911955
3380,20220211,0.9696294620392067
3381,20220214,0.8215217025294899
3382,20220215,0.5799942610882681
3383,20220216,0.694578346288175
3384,20220217,0.846463778258997
3385,20220218,2.406516928659935
3386,20220221,1.3279627303715755
3387,20220222,1.2005010902956033
3388,20220223,0.7961365023602403
3389,20220224,1.2841707986557658
3390,20220225,0.9808247836169811
3391,20220228,0.9928554555342116
3392,20220301,0.6206389911567807
3393,20220302,0.7018767971527664
3394,20220303,0.3885918482711164
3395,20220304,0.7627358787195593
3396,20220307,0.4720472962152973
3397,20220308,0.7602605969835622
3398,20220309,0.6398898522311585
3399,20220310,0.9270076490237456
3400,20220311,0.8317400235128892
3401,20220314,0.636891385179546
3402,20220315,0.8551324453542908
3403,20220316,0.6343913599579422
3404,20220317,0.8262899919393086
3405,20220318,0.8521095763178147
3406,20220321,0.38039507547130685
3407,20220322,0.38984747638953193
3408,20220323,0.4333283413873163
3409,20220324,0.636379343996535
3410,20220325,0.9597840053138469
3411,20220328,1.0315426656985585
3412,20220329,1.662170468941648
3413,20220330,0.8068077825419259
3414,20220331,0.6201745368794013
3415,20220401,0.5653548823109498
3416,20220406,1.1570963753649155
3417,20220407,1.2072910665295602
3418,20220408,0.976373335597043
3419,20220411,0.9700379960679161
3420,20220412,0.9726714865788797
3421,20220413,1.418364472062823
3422,20220414,1.0200477966837094
3423,20220415,0.39516436631259233
3424,20220418,1.1686435255437473
3425,20220419,1.151367918522582
3426,20220420,1.0495094214255307
3427,20220421,0.8487706544867618
3428,20220422,1.5233636280614946
3429,20220425,0.6906644203484448
3430,20220426,1.408864136727668
3431,20220427,0.8364248236946646
3432,20220429,1.2885150469408113
3433,20220505,1.4034380916342897
3434,20220506,2.0398363100046217
3435,20220509,1.1864530974570167
3436,20220510,0.7080845592128268
3437,20220511,1.1042027831736425
3438,20220512,1.3945676183318694
3439,20220513,1.4166375088006826
3440,20220516,0.9086433133514654
3441,20220517,0.9303785468449808
3442,20220518,1.4712716128566046
3443,20220519,1.575584270476204
3444,20220520,1.094400811557996
3445,20220523,0.966317990200997
3446,20220524,1.4838027492461052
3447,20220525,1.110088587293754
3448,20220526,1.437564573897491
3449,20220527,1.6218694430139167
3450,20220530,1.1626861166939646
3451,20220531,0.8691819345964519
3452,20220601,1.9216498594459341
3453,20220602,0.2454938245167404
3454,20220606,0.0
3455,20220607,1.8237085595560976
3456,20220608,2.3570143379977186
3457,20220609,1.9416027242643261
3458,20220610,1.7583644536019718
3459,20220613,1.6160034099017313
3460,20220614,0.913675168060602
3461,20220615,2.554900260809473
3462,20220616,2.1829886702384016
3463,20220617,1.934549306293398
3464,20220620,0.7444057485723007
3465,20220621,2.058338676145065
3466,20220622,2.390651652639633
3467,20220623,1.5996092221642502
3468,20220624,1.2271808649949647
3469,20220627,2.65944657202564
3470,20220628,1.7643900313722318
3471,20220629,1.1693215460098958
3472,20220630,1.5852849926642865
3473,20220701,1.1705982402647133
3474,20220704,1.757251299072045
3475,20220705,1.0907182338168382
3476,20220706,1.3638744154471025
3477,20220707,2.315220857054362
3478,20220708,0.0
3479,20220711,1.756543913110899
3480,20220712,0.9353177316470964
3481,20220713,3.0434642371477523
3482,20220714,2.336285065747156
3483,20220715,1.5855596221068184
3484,20220718,1.4367366874135308
3485,20220719,1.527801632044786
3486,20220720,1.8975147179040168
3487,20220721,2.351734586385908
3488,20220722,1.7556282520274544
3489,20220725,1.3650460273533733
3490,20220726,1.991280867642366
3491,20220727,2.696830168285745
3492,20220728,1.8470556164131056
3493,20220729,1.5837335224157063
3494,20220801,1.9785486983110052
3495,20220802,0.6950340862034049
3496,20220803,1.6088696363692212
3497,20220804,1.4654802524114217
3498,20220805,1.3782360820438808
3499,20220808,1.5726494394690809
3500,20220809,1.4666356806435978
3501,20220810,1.6560858075200404
3502,20220811,0.0
3503,20220812,1.7000270410745093
3504,20220815,0.9083822960890825
3505,20220816,1.8639268099087782
3506,20220817,0.8719983359532515
3507,20220818,1.4550403016292528
3508,20220819,1.2351700651533426
3509,20220822,1.3553199106508735
3510,20220823,0.6128051900097807
3511,20220824,1.0817095633074438
3512,20220825,1.8990538907008179
3513,20220826,2.407075323869464
3514,20220829,2.1218723538857764
3515,20220830,0.7798415412448025
3516,20220831,1.6006219998944455
3517,20220901,1.7216327420831516
3518,20220902,1.8944282027355523
3519,20220905,1.160836768879762
3520,20220906,1.6032452346961803
3521,20220907,1.3073536694432786
3522,20220908,1.9390783618357643
3523,20220909,1.1579305583189168
3524,20220913,2.626087318272714
3525,20220914,1.7394252531274528
3526,20220915,1.7705424077626424
3527,20220916,1.48008641131103
3528,20220919,1.8392556642423359
3529,20220920,1.0478346816264117
3530,20220921,1.6437239111987711
3531,20220922,1.0695108581273198
3532,20220923,2.0648346823880623
3533,20220926,1.873821799908267
3534,20220927,1.6795973467170364
3535,20220928,1.7188708103903116
3536,20220929,2.0464661463474627
3537,20220930,1.348155241941379
3538,20221010,0.9753778199021036
3539,20221011,1.2312896269707971
3540,20221012,1.074336581554277
3541,20221013,0.6091008249653691
3542,20221014,0.5892135501078081
3543,20221017,0.9205434078035708
3544,20221018,0.6846991477653432
3545,20221019,0.9829184457423109
3546,20221020,0.6064373540619258
3547,20221021,1.8373181299584336
3548,20221024,0.5669617649799198
3549,20221025,0.8456505280918623
3550,20221026,1.6008345194864246
3551,20221027,0.7543250191450616
3552,20221028,1.1618935462576676
3553,20221031,1.0060570221459912
3554,20221101,0.0
3555,20221102,0.9647444849706533
3556,20221103,1.2089265337213109
3557,20221104,0.9500482426697286
3558,20221107,1.8531552271590979
3559,20221108,1.7069218726105468
3560,20221109,1.5868176112533103
3561,20221110,1.4228065029707102
3562,20221111,0.9202527119464694
3563,20221114,1.9970935037958613
3564,20221115,1.6004073183066565
3565,20221116,2.0521454776941477
3566,20221117,3.245153635621624
3567,20221118,2.2089777587025123
3568,20221121,1.857252061082839
3569,20221122,0.9076712395272983
3570,20221123,1.230298137220158
3571,20221124,0.1815909134189444
3572,20221125,1.3787608803254825
3573,20221128,1.664263839092477
3574,20221129,0.7462382224075474
3575,20221130,1.79481830522549
3576,20221201,1.3485197643985625
3577,20221202,1.1103891168982039
3578,20221205,2.2119309620159044
3579,20221206,1.1374067656875486
3580,20221207,1.243620875437333
3581,20221208,1.1346952405784152
3582,20221209,1.7335877531531645
3583,20221212,1.4929694379090912
3584,20221213,1.079349943622661
3585,20221214,0.6216664108980682
3586,20221215,1.6489432573405036
3587,20221216,2.1672533209742646
3588,20221219,1.6609092774692813
3589,20221221,0.0
3590,20221222,0.0
3591,20221223,1.1128123217968684
3592,20221226,2.0282333127084624
3593,20221227,1.822067963404017
3594,20221228,1.5627914567406078
3595,20221229,1.4543859540331288
3596,20221230,1.6341038073776697
3597,20230103,0.9894300347204303
3598,20230104,1.3578963192892255
3599,20230105,1.4849839839168018
3600,20230106,0.9299025029763314
3601,20230109,1.25805304805467
3602,20230110,1.2839757562979488
3603,20230111,3.0339319425095845
3604,20230112,1.370668848494622
3605,20230113,0.9452845574564255
3606,20230116,0.646922137734318
3607,20230117,1.2421503155357507
3608,20230118,1.3219604689618152
3609,20230119,1.087131684737469
3610,20230120,0.8325599334028667
3611,20230130,1.015039463199063
3612,20230131,1.620162010218557
3613,20230201,1.7837926722222273
3614,20230202,0.9312426162099257
3615,20230203,0.9379474872825881
3616,20230206,2.327993517788607
3617,20230207,0.9037412112187668
3618,20230208,1.62199031475167
3619,20230209,0.7780468434190948
3620,20230210,1.7224612021492953
3621,20230213,1.7805836698699022
3622,20230214,1.476781054373593
3623,20230215,2.6545949053002666
3624,20230216,0.866831889887149
3625,20230217,1.480791832059869
3626,20230220,1.0815987529584938
3627,20230221,1.911908956186679
3628,20230222,1.2105580733844634
3629,20230223,0.645294447668432
3630,20230224,1.1986833557553709
3631,20230227,1.05663579759161
3632,20230228,1.2966559646799833
3633,20230301,1.0698993122430742
3634,20230302,2.0964923481749222
3635,20230303,1.5868545101163987
3636,20230306,0.9722597909143132
3637,20230307,0.9903499696647223
3638,20230308,1.4007048534532458
3639,20230309,0.5322076920178214
3640,20230310,1.7243178680856814
3641,20230313,1.4493798865711998
3642,20230314,1.6398983193752146
3643,20230315,0.9969434469988904
3644,20230316,1.2867319759961215
3645,20230317,0.825979471241652
3646,20230320,0.7896282137270539
3647,20230321,0.9847957588767805
3648,20230322,0.9920294840586645
3649,20230323,0.8253882485891354
3650,20230324,1.2125473020847966
3651,20230327,0.9642158120078003
3652,20230328,0.997294614561498
3653,20230329,1.86926283356997
3654,20230330,1.3044594374367207
3655,20230331,0.9515454297144312
3656,20230403,1.2008055502725206
3657,20230404,0.8810944146605417
3658,20230406,0.6406457813592497
3659,20230407,1.5165108387678672
3660,20230410,0.9644509874654944
3661,20230411,1.6641813918080788
3662,20230413,2.7713145644292694
3663,20230414,4.6255052115004744
3664,20230417,2.931512808041846
3665,20230418,2.102951980609386
3666,20230419,2.0771095898154384
3667,20230420,1.1063615484267935
3668,20230421,1.3812572140776904
3669,20230424,1.149492976567984
3670,20230425,1.8296135529292035
3671,20230426,1.3020581916976182
3672,20230427,0.7906539235140116
3673,20230428,1.6726680188063345
3674,20230504,1.79936053155994
3675,20230505,0.967204094431215
3676,20230508,1.1131438781948688
3677,20230509,0.9274640830694617
3678,20230510,0.6234566641147692
3679,20230511,0.6689144105989763
3680,20230512,1.3011954966858446
3681,20230515,1.2489709243299507
3682,20230516,0.9473315574396011
3683,20230517,0.61698689894433
3684,20230518,0.7358514373118222
3685,20230519,1.1707279015736618
3686,20230522,1.5316394630781272
3687,20230523,1.2748670246139029
3688,20230524,2.606700212633672
3689,20230525,1.2050284898418149
3690,20230526,0.9491918041353656
3691,20230529,0.6702165905107939
3692,20230530,0.6297755159369847
3693,20230531,1.5267446138400753
3694,20230601,1.060388020722111
3695,20230602,2.016834730196955
3696,20230605,0.6355753432474549
3697,20230606,1.1871497196676113
3698,20230607,0.6443687869949187
3699,20230608,0.9973201743393463
3700,20230609,1.0528798417925678
3701,20230612,1.4958817669247002
3702,20230613,0.8359543190869693
3703,20230614,1.5859602740819565
3704,20230615,0.6045439211237494
3705,20230616,2.660959907649098
3706,20230619,2.187674669086337
3707,20230620,1.124633389699745
3708,20230621,1.3159518930010472
3709,20230626,1.2046244068355416
3710,20230627,3.0552354308890246
3711,20230628,1.2655020277869644
3712,20230629,1.3585087686322712
3713,20230630,1.6517324343089244
3714,20230703,1.1474815007357362
3715,20230704,0.8254888736304323
3716,20230705,2.3139844424449567
3717,20230706,1.220152885218817
3718,20230707,1.404031196767539
3719,20230710,1.0235010314088924
3720,20230711,0.5714193554623491
3721,20230712,1.7523732697543053
3722,20230713,0.8217794699700337
3723,20230714,0.6793299579449377
3724,20230717,1.3716236524493148
3725,20230718,0.5650827945210444
3726,20230719,1.0505156946445502
3727,20230720,4.604581845696296
3728,20230721,6.114524016543946
