,date,rating
0,20010213,1.2190020402643376
1,20010214,1.0220561789684384
2,20010215,1.7590961182830382
3,20010216,1.3272114577435399
4,20010219,0.8439297135014299
5,20010220,1.1559329930952025
6,20010221,0.5791310171241786
7,20010222,1.1351916669246567
8,20010223,1.0176116102145487
9,20010226,0.8718390606685884
10,20010227,0.5467455299436478
11,20010228,0.783691087635007
12,20010301,0.9749996079208635
13,20010302,0.4836689445881861
14,20010305,0.7528736471941029
15,20010306,0.8944147657306984
16,20010307,0.990306131660727
17,20010308,0.7556409666943574
18,20010309,0.5975437559911079
19,20010312,0.7924045169877102
20,20010313,0.7842321937356775
21,20010314,1.296869133281704
22,20010315,0.7324299473975872
23,20010316,0.703575439836036
24,20010319,0.500121685973422
25,20010320,0.7481667872724677
26,20010321,0.2708546232756434
27,20010322,0.45991682816079027
28,20010323,0.7221120975196702
29,20010326,0.6593982346708414
30,20010327,0.5973257030266917
31,20010328,0.7700460484133749
32,20010329,0.8198960492493589
33,20010330,0.5877289335323537
34,20010402,0.7263780910892744
35,20010403,1.31972922404595
36,20010404,0.8135996163315419
37,20010405,0.995663240005354
38,20010406,0.7609919995816488
39,20010409,0.7119109483259384
40,20010410,1.691091593746319
41,20010411,0.6008697050966373
42,20010412,0.7242364489991803
43,20010413,1.5695756187884833
44,20010416,0.7686450973490108
45,20010417,0.8861387918720692
46,20010418,0.8920408775700654
47,20010419,0.7826584951232307
48,20010420,1.548742435785701
49,20010423,1.625751172277959
50,20010424,2.1523456106987493
51,20010425,1.391230344056679
52,20010426,1.1374283618340828
53,20010427,0.5635435483133936
54,20010430,1.101457688536247
55,20010508,0.8285540874776829
56,20010509,1.0236899830819215
57,20010510,0.629277686870322
58,20010511,0.826012886900171
59,20010514,0.913790309755338
60,20010515,1.0001599153673075
61,20010516,0.7759172364061597
62,20010517,0.8226567649822739
63,20010518,0.8227770098619591
64,20010521,1.071245200200034
65,20010522,0.7177582706970902
66,20010523,1.066949822340817
67,20010524,0.5445318611573396
68,20010525,1.2548019942968274
69,20010528,0.6954091828149235
70,20010529,0.6568937156683581
71,20010530,0.9875529822481988
72,20010531,0.633060013939454
73,20010601,1.6299068814901423
74,20010604,1.7152763568309213
75,20010605,0.7079018857628717
76,20010606,1.0545760945268083
77,20010607,0.9529406765227453
78,20010608,0.9083039079187968
79,20010611,0.8646728198252774
80,20010612,0.7148584971973715
81,20010613,0.6049529443692753
82,20010614,1.1593528387031442
83,20010618,1.2306163944850586
84,20010619,0.7765419459641675
85,20010620,0.7951750392083446
86,20010621,1.3935544138502993
87,20010622,0.5582009368226913
88,20010625,0.5370574356914493
89,20010626,1.2863030681813417
90,20010627,2.740689451436336
91,20010628,0.9453640739846423
92,20010629,0.4484424270773489
93,20010702,0.8446465308297156
94,20010703,0.6997572587419425
95,20010704,0.6470072730095127
96,20010705,0.8189214452468185
97,20010706,0.8225514984033483
98,20010709,0.4173080346694663
99,20010710,0.8034126583968608
100,20010711,1.0082882411331533
101,20010712,0.9871747326108234
102,20010713,0.5341758321881648
103,20010716,1.0970669445030807
104,20010717,0.6406355995391921
105,20010718,0.5844669545248732
106,20010719,0.2983618515847741
107,20010720,0.6422304736063633
108,20010723,0.775770869413716
109,20010724,0.8085421675514591
110,20010725,0.6265560818586485
111,20010726,0.8600155754188389
112,20010727,0.5428672612054976
113,20010730,0.8925474194530394
114,20010731,0.7160478036657812
115,20010801,0.9607951689849434
116,20010802,0.7322103707502308
117,20010803,0.8529882751696133
118,20010806,1.0856074885693816
119,20010807,0.8742446832294369
120,20010808,0.8656957159306211
121,20010809,1.1196111644562716
122,20010810,0.44198060899757596
123,20010813,1.053629637499919
124,20010814,0.9742263189518929
125,20010815,0.7066790127121203
126,20010816,0.6109490237812609
127,20010817,0.48750552786188145
128,20010820,0.7321274500080158
129,20010821,0.8735749417747563
130,20010822,0.9055084983255008
131,20010823,0.725568161309461
132,20010824,0.8848949655866134
133,20010827,0.5607085723629109
134,20010828,0.5789088926148477
135,20010829,0.6603980417763655
136,20010830,0.4381464998629777
137,20010831,0.3822140516830938
138,20010903,0.9315564950744678
139,20010904,0.9315033382233819
140,20010905,1.2551425860860104
141,20010906,0.9157058278443718
142,20010907,1.0062372556604808
143,20010910,1.0814951565978528
144,20010911,0.8359627043453318
145,20010912,0.8745843650009423
146,20010913,0.7518795674707512
147,20010914,0.9441500087461144
148,20010917,0.6686908778025795
149,20010918,1.2556330742447606
150,20010919,0.615517311023538
151,20010920,0.5895913584100394
152,20010921,0.47200966483788953
153,20010924,0.38640506272016645
154,20010925,0.32005899169067376
155,20010926,1.1773174153600854
156,20010927,0.8831792963935646
157,20010928,1.360857963581785
158,20011008,2.0711725765873465
159,20011009,1.88448314284325
160,20011010,1.1435076967494533
161,20011011,0.8780690324678254
162,20011012,1.054638675245078
163,20011015,1.1399276314822306
164,20011016,0.8275866139477576
165,20011017,1.120322610259234
166,20011018,0.8316034591558559
167,20011019,1.4554324290879392
168,20011022,0.7831202053566679
169,20011023,0.7131265566715334
170,20011024,0.7777472668669977
171,20011025,1.4566315338126998
172,20011026,0.8319048219164838
173,20011029,0.5667975690386492
174,20011030,0.9806735556733217
175,20011031,1.1088884966787296
176,20011101,0.7722432712162072
177,20011102,1.073356711328777
178,20011105,0.9893527423959916
179,20011106,0.920607168851749
180,20011107,1.0450988645662802
181,20011108,1.2105688927153957
182,20011109,1.0918940176935734
183,20011113,1.150831985193392
184,20011114,1.5227378807607759
185,20011115,0.5278954007882429
186,20011116,0.9423324307526831
187,20011119,1.2946389674520837
188,20011120,0.9498833216833747
189,20011121,0.9829630370466325
190,20011122,0.8315598767988964
191,20011123,3.4158027040409253
192,20011126,0.8399003197817942
193,20011127,0.9877970676538668
194,20011128,0.6404849874458839
195,20011129,0.5913649110185455
196,20011130,0.7182621951061692
197,20011203,0.8336230131165646
198,20011204,0.7400291155815862
199,20011205,0.6344956510605879
200,20011206,0.8239322676633573
201,20011207,0.6480106601715416
202,20011210,0.7056214129918036
203,20011211,1.1247159370740065
204,20011212,0.4613138761950924
205,20011213,1.2079706650261455
206,20011214,1.0709223463697897
207,20011217,0.6480972491335842
208,20011218,0.8148960169135465
209,20011219,0.9036409370889997
210,20011220,1.225445391624321
211,20011221,0.9084123941803176
212,20011224,0.7179209208513594
213,20011225,1.2888758919936871
214,20011226,1.0397096611360366
215,20011227,0.7216394243318667
216,20011228,0.6712894910265205
217,20011231,0.36654261459767634
218,20020104,0.986279704843474
219,20020107,1.0780875274750712
220,20020108,0.6973207824879831
221,20020109,0.5479587496716845
222,20020110,1.3638217300545201
223,20020111,0.7533727001114309
224,20020114,0.933230299277516
225,20020115,0.9253523651952439
226,20020116,0.9812305973437262
227,20020117,0.8701659224077668
228,20020118,0.8906013368135749
229,20020121,0.655879193404524
230,20020122,0.6825889194473629
231,20020123,1.0400819971101694
232,20020124,1.1170621754469614
233,20020125,1.4235898434125775
234,20020128,1.295780085964107
235,20020129,1.41788115464194
236,20020130,0.7506266641798447
237,20020131,1.0717476194320839
238,20020201,0.895999488074084
239,20020204,0.7155200667820586
240,20020205,0.678728335488807
241,20020206,0.6464375186434967
242,20020207,0.7748000333820677
243,20020208,0.8382533684414989
244,20020225,1.0112948973857767
245,20020226,0.7337683998398324
246,20020227,0.5555919971702357
247,20020228,0.6788803207660526
248,20020301,0.7662357155519507
249,20020304,0.8731186524898792
250,20020305,0.8586852070585844
251,20020306,0.7653307984848158
252,20020307,0.866270797743491
253,20020308,0.5825372947912647
254,20020311,1.1581738144352094
255,20020312,1.0967624042148518
256,20020313,1.483421524554817
257,20020314,0.935996101027721
258,20020315,1.0920744065345764
259,20020318,0.9929861360046671
260,20020319,1.4292909845980808
261,20020320,0.5407791971214023
262,20020321,1.004735947876309
263,20020322,0.9096478849800347
264,20020325,0.7306841333897771
265,20020326,0.8900257361711121
266,20020328,0.9728983218181151
267,20020329,0.8247038749287947
268,20020401,0.7283969927493001
269,20020402,1.0342933882717593
270,20020403,0.5979733777580135
271,20020404,0.8474236388048273
272,20020405,1.0332749039547806
273,20020408,0.9086999725048227
274,20020409,0.6235871694108668
275,20020410,0.5453397446338013
276,20020411,0.8294820037282317
277,20020412,0.5379792833529851
278,20020415,0.885933708558068
279,20020416,0.6838981293894844
280,20020417,0.6356597053071382
281,20020418,0.7880203180371721
282,20020419,0.6767462234893425
283,20020422,0.6933188032249422
284,20020423,0.6829244431021692
285,20020424,0.7417691083978338
286,20020425,0.5220252911455402
287,20020426,0.6228174251895239
288,20020429,0.6569763272070862
289,20020430,0.5657177709970055
290,20020508,1.1596478072377536
291,20020509,0.5518243393555408
292,20020510,0.6543369199081652
293,20020513,1.1369161009463804
294,20020514,0.3759127396220341
295,20020515,0.6683122756400651
296,20020516,1.3862355036952367
297,20020517,3.2028190694961665
298,20020520,1.0520062784853765
299,20020521,0.7444060169814545
300,20020522,1.1969424656983463
301,20020523,1.0919581497203552
302,20020524,0.5878097292236639
303,20020527,1.3687863521985635
304,20020528,0.5963198466443831
305,20020529,0.7139037366075536
306,20020530,0.8428392223856591
307,20020531,0.7852146241262455
308,20020603,0.6150509535400993
309,20020604,0.483922990120288
310,20020605,0.8895735084906191
311,20020606,1.1127806159895
312,20020610,1.3227653996117292
313,20020611,0.543310376476646
314,20020612,0.7298843164758687
315,20020613,0.8885092599729906
316,20020614,0.6013668388816307
317,20020617,1.1329653600435952
318,20020618,0.6617096896015916
319,20020619,0.9073586432334562
320,20020620,0.83548055241597
321,20020621,0.7720346626857354
322,20020624,0.9068602603379348
323,20020625,0.8453368179002142
324,20020626,0.6646664888347913
325,20020627,0.5769471521117252
326,20020628,0.5654044094309281
327,20020701,0.541093854825319
328,20020702,1.0374834765206868
329,20020703,1.0034903872104957
330,20020704,0.5233084403636284
331,20020705,1.8185867445521322
332,20020708,0.7831068294912734
333,20020709,0.4523311265624648
334,20020710,0.9701534729741296
335,20020711,1.0925612370603008
336,20020712,0.8156225569642515
337,20020715,0.6682083757529393
338,20020716,0.7797470317451328
339,20020717,1.2306798865635564
340,20020718,0.42986009036371425
341,20020719,0.5281192556493088
342,20020722,0.5816292159069136
343,20020723,0.5883924858279311
344,20020724,1.3557023443790388
345,20020725,0.7889876422260188
346,20020726,0.4983837048842172
347,20020729,1.3083802930495476
348,20020730,0.4924106594148529
349,20020731,0.47260081727720527
350,20020801,0.41046354505469596
351,20020802,0.6500072676220865
352,20020805,0.7217694610467845
353,20020806,0.695404924950989
354,20020807,0.6118597222357929
355,20020808,3.4910651756940583
356,20020809,0.4646878133972151
357,20020812,0.5153187896859861
358,20020813,0.7267039069959174
359,20020814,0.2825507479751391
360,20020815,0.7473335343694828
361,20020816,1.3656967146694687
362,20020819,1.7472931071392641
363,20020820,0.9834412574849752
364,20020821,0.7368130416298644
365,20020822,0.8634317244124602
366,20020823,0.8734892742677388
367,20020826,0.7916075182792015
368,20020827,0.8140024272616716
369,20020828,1.2575054023434933
370,20020829,0.7873857879469828
371,20020830,0.7626915230347991
372,20020902,0.8107394834619002
373,20020903,0.5860726738593871
374,20020904,1.0022579500203466
375,20020905,0.9763871699779983
376,20020906,0.530079409320506
377,20020909,0.46707862754547835
378,20020910,0.8896285231446539
379,20020911,0.45359163219099735
380,20020912,0.576722041142459
381,20020913,0.6762662077060108
382,20020916,0.8184710394107076
383,20020917,0.8819709239188533
384,20020918,0.6500099719993153
385,20020919,0.7099714303916854
386,20020920,1.2248599018135276
387,20020923,0.9681695092147425
388,20020924,0.5308403457531747
389,20020925,0.3286225751913568
390,20020926,0.32015439471614304
391,20020927,0.6552217175262428
392,20021008,0.2279957366098566
393,20021009,0.39943606666410925
394,20021010,0.4267098744969047
395,20021011,1.4638762437956852
396,20021014,0.8496392873705411
397,20021015,0.6795916669763551
398,20021016,0.6449965775400671
399,20021017,1.0318722694095892
400,20021018,0.6319531810346233
401,20021021,0.8656018475773369
402,20021022,0.6683916857154203
403,20021023,0.6358442519418032
404,20021024,1.186485991119764
405,20021025,0.4765956950150139
406,20021028,2.5714307724346757
407,20021029,0.7895278311469978
408,20021030,0.686510531125659
409,20021031,3.355391534893681
410,20021101,0.7475840131901557
411,20021104,0.8653280358528748
412,20021105,1.4519144242384867
413,20021106,0.529951687913005
414,20021107,0.7836658913719645
415,20021108,0.9540613287770754
416,20021111,0.5336498153416012
417,20021112,0.7824502899376489
418,20021113,0.5722356039140172
419,20021114,0.39427814809993766
420,20021115,0.5642765264138235
421,20021118,0.46625407212857717
422,20021119,0.7559064819397627
423,20021120,0.5978558622091428
424,20021121,0.663403781237989
425,20021122,0.6913072417082707
426,20021125,0.7136176165319231
427,20021126,1.1115766982736845
428,20021127,1.8648223943242384
429,20021128,1.0966988583358042
430,20021129,1.1462759949960066
431,20021202,1.2784186040608887
432,20021203,0.7100724199760116
433,20021204,1.1941329699503296
434,20021205,1.0804225254852171
435,20021206,0.9185537988883562
436,20021209,1.1098592894256423
437,20021210,0.7343447267261152
438,20021211,0.879930209760056
439,20021212,0.665898604319945
440,20021213,0.9356868808919349
441,20021216,1.7307089378370177
442,20021217,1.5507430201601788
443,20021218,0.604702893082438
444,20021219,1.0310869792745352
445,20021220,0.8331690524529387
446,20021223,0.4219797665598228
447,20021224,1.1034888392094213
448,20021225,1.0332362656613379
449,20021226,0.752791539921627
450,20021227,0.6973704335342328
451,20021230,0.7465515380453207
452,20021231,0.6687939377386728
453,20030102,0.8769667240616116
454,20030103,1.0141633266738395
455,20030106,0.9661330296284499
456,20030107,1.2556236382520314
457,20030108,0.7098362700016112
458,20030109,0.8541194813454064
459,20030110,0.8285525392617745
460,20030113,0.5365701294171031
461,20030114,0.9334661744915737
462,20030115,0.661799684279007
463,20030116,1.2948406916551833
464,20030117,2.3288940974083
465,20030120,1.2016517922130507
466,20030121,1.755881139408908
467,20030122,1.010107882095046
468,20030123,0.9941006117242718
469,20030124,0.8002303703649805
470,20030127,0.9058344171043989
471,20030128,0.6124228247934586
472,20030129,0.8318393771824341
473,20030210,0.9265843490534147
474,20030211,1.5290290068595367
475,20030212,0.7281622231931915
476,20030213,0.5487018809720886
477,20030214,0.8087827218633851
478,20030217,0.664312640812744
479,20030218,1.5044183243110374
480,20030219,2.4789601400285335
481,20030220,0.5680165643731735
482,20030221,0.9286520594936003
483,20030224,1.0197549297636654
484,20030225,0.6446756570649723
485,20030226,0.6641023235304774
486,20030227,0.9759380843405099
487,20030228,0.8812769924128647
488,20030303,0.6226853460343247
489,20030304,0.6058009062702193
490,20030305,1.0626045159763924
491,20030306,0.7959295167175574
492,20030307,0.8374457092507436
493,20030310,1.2504882277114966
494,20030311,0.9140914632333808
495,20030312,0.9448625999191892
496,20030313,1.1258259875310717
497,20030314,0.7609096990529033
498,20030317,0.6262595674349877
499,20030318,1.2375876373670436
500,20030319,0.4309077136436815
501,20030320,0.9679133437903011
502,20030321,0.5671056227861158
503,20030324,3.9151281977407923
504,20030325,0.8284061785091716
505,20030326,0.6438311601840493
506,20030327,0.8802622868073714
507,20030328,1.8733973272415114
508,20030331,0.8037760933108193
509,20030401,0.7232173963987061
510,20030402,0.6961801174638286
511,20030403,1.1290034723234652
512,20030404,0.5202834021808564
513,20030407,3.640883988867551
514,20030408,0.8925058580252443
515,20030409,0.8019482272504921
516,20030410,2.412161700518207
517,20030411,1.3594436252697428
518,20030414,0.4529575896688021
519,20030415,2.225802655872063
520,20030416,0.8043512615180319
521,20030417,1.5902644789693807
522,20030418,2.0483535283649594
523,20030421,1.0193604725042773
524,20030422,2.676933660309333
525,20030423,1.5217774103160695
526,20030424,0.8788438232876571
527,20030425,1.3980757128252215
528,20030428,0.6661937177979831
529,20030429,1.1541236699855133
530,20030430,1.0959215197450107
531,20030512,0.7270725739945716
532,20030513,1.4114755743731335
533,20030514,0.778470017466852
534,20030515,0.8610140447190707
535,20030519,0.9391411528080698
536,20030520,1.820073731064576
537,20030521,0.7345187417079659
538,20030522,1.3287489366410605
539,20030523,0.6977639161571175
540,20030526,0.6645830415226381
541,20030527,0.7272797499760414
542,20030528,0.8064899291980759
543,20030529,0.5224191959245984
544,20030530,0.9785905677780752
545,20030602,0.7188767232048742
546,20030603,0.9998450908827364
547,20030604,0.6125602028765358
548,20030605,0.45358642120923875
549,20030606,0.6663235581856295
550,20030609,0.4410266315189154
551,20030610,0.6648545178439713
552,20030611,0.6176262664660206
553,20030612,0.9851244348880025
554,20030613,0.30817211136531353
555,20030616,0.4886559727420698
556,20030617,0.5894538464849225
557,20030618,0.26631398252686156
558,20030619,1.0021682054023622
559,20030620,0.5390047147052595
560,20030623,0.643414676607056
561,20030624,0.5149974619094678
562,20030625,0.8908842471568581
563,20030626,0.6908915265576278
564,20030627,0.7684685598893852
565,20030630,0.6910651765253927
566,20030701,0.5648779497981139
567,20030702,0.7497675119743836
568,20030703,1.0475612797550744
569,20030704,1.0841600645747989
570,20030707,0.9693275902816088
571,20030708,0.42916483174033804
572,20030709,1.0853805962921477
573,20030710,0.5510067010181825
574,20030711,1.093489067836213
575,20030714,0.6341475213515864
576,20030715,0.7963781747705516
577,20030716,1.0929066694511824
578,20030717,0.9181895105101109
579,20030718,0.8538490826629623
580,20030721,0.9621095335737639
581,20030722,1.710057537920527
582,20030723,1.4476525528721147
583,20030724,2.0542232371857074
584,20030725,1.6391694112676733
585,20030728,0.4394812740951902
586,20030729,1.22737096479709
587,20030730,0.9244568115515179
588,20030731,0.8183372427371781
589,20030801,1.242835278881733
590,20030804,1.0026575308648962
591,20030805,0.7666385246955562
592,20030806,0.6635237643956539
593,20030807,0.6441416368038511
594,20030808,0.6631074742892865
595,20030811,0.5663223421686226
596,20030812,1.1287412956975094
597,20030813,0.886636759115497
598,20030814,0.4196996588612199
599,20030815,0.8975627282117066
600,20030818,3.3461576483762157
601,20030819,0.7889994050516076
602,20030820,1.403980379812745
603,20030821,1.7566613758914371
604,20030822,1.4345073564291482
605,20030825,0.8734349674736723
606,20030826,1.1859898558093391
607,20030827,0.848760796467889
608,20030828,1.1434942544278976
609,20030829,0.6694971598548664
610,20030901,1.0036488867469842
611,20030902,0.9878878327365407
612,20030903,0.8867415594940184
613,20030904,1.3364818922326802
614,20030905,0.6653317141313129
615,20030908,0.6823171190922375
616,20030909,1.4163819946130334
617,20030910,1.913781977287343
618,20030911,0.7025355933035378
619,20030912,0.969518817436402
620,20030915,0.5462870977539893
621,20030916,0.8977012781016187
622,20030917,0.9871707007102555
623,20030918,1.4161905809103585
624,20030919,1.105116286106011
625,20030922,0.8320597513152655
626,20030923,0.757256387797268
627,20030924,1.750473398882396
628,20030925,1.2918073600411775
629,20030926,1.5279765627980566
630,20030929,0.885332301467127
631,20030930,0.37018147625158326
632,20031008,0.6550676094796587
633,20031009,1.6796819900177289
634,20031010,1.4254991648552757
635,20031013,1.3825221405365244
636,20031014,1.2801366147215505
637,20031015,1.1660961912217884
638,20031016,1.5673502824404189
639,20031017,0.7647827553133867
640,20031020,1.4862032849937066
641,20031021,1.0434357643173366
642,20031022,0.950262720976457
643,20031023,0.9452190497641797
644,20031024,0.8675621392815492
645,20031027,0.9852225388069168
646,20031028,0.5039258470522252
647,20031029,0.781425047148805
648,20031030,2.9067397504628745
649,20031031,1.3247944597994261
650,20031103,0.6319195497506505
651,20031104,0.9200456377812662
652,20031105,1.7648699576884934
653,20031106,0.9360423746892662
654,20031107,0.661858845539364
655,20031110,0.49179368857879174
656,20031111,0.7270451834383408
657,20031112,0.8312477539040289
658,20031113,0.7321537444535126
659,20031114,1.290399206616891
660,20031117,0.4860472855714217
661,20031118,0.6367633536621263
662,20031119,1.2305291300577588
663,20031120,0.7083188169606914
664,20031121,1.1450469918811375
665,20031124,1.7958435980049976
666,20031125,1.296307151630617
667,20031126,0.7130163485380748
668,20031127,0.830950029052462
669,20031128,1.007078745571973
670,20031201,0.5306035891250293
671,20031202,0.5066053091022588
672,20031203,0.7060748592886672
673,20031204,0.6582484018781901
674,20031205,1.1011368771895371
675,20031208,1.2002826101767785
676,20031209,1.0658713149874242
677,20031210,0.7149880596164776
678,20031211,1.0295851559269806
679,20031212,0.7647032375347707
680,20031215,0.7100281275777937
681,20031216,0.8847916845275485
682,20031217,1.3472173318215963
683,20031218,1.6699148457524562
684,20031219,1.2683892008079525
685,20031222,0.8252930454857877
686,20031223,0.5447808134654669
687,20031224,0.42333011444408686
688,20031225,0.45984311097373654
689,20031226,0.479515107268183
690,20031229,1.1939445697212125
691,20031230,0.6218846603732912
692,20031231,0.6744043519777917
693,20040102,0.3378039121048489
694,20040105,0.5352380514820768
695,20040106,0.7601406456027561
696,20040107,0.6525973028978371
697,20040108,1.1318382509368579
698,20040109,0.6859886584385392
699,20040112,0.8744633007363284
700,20040113,0.5857563855285323
701,20040114,0.5475927482853933
702,20040115,0.6728384582453194
703,20040116,0.5608755515242227
704,20040129,1.144427816231624
705,20040130,0.7260719456443733
706,20040202,0.5533306975860678
707,20040203,0.5435510757794318
708,20040204,0.3996405682691845
709,20040205,0.8130903260126068
710,20040206,0.5225730126016151
711,20040209,2.2539055845528706
712,20040210,1.3196863709626172
713,20040211,0.7463382305059857
714,20040212,0.5213854470331925
715,20040213,0.9800882409182458
716,20040216,0.632601492289393
717,20040217,1.1167169353778021
718,20040218,0.6313753546895506
719,20040219,0.49003039887131356
720,20040220,0.6743051125765469
721,20040223,0.7015954912205266
722,20040224,0.6867409303376468
723,20040225,1.1683845569774802
724,20040226,0.788812219661529
725,20040227,0.6833931868032327
726,20040301,0.779810762092274
727,20040302,0.8660472334003977
728,20040303,0.7621480392556116
729,20040304,0.7945146976050886
730,20040305,0.4796237491625298
731,20040308,0.7003362709098406
732,20040309,0.9091109762494036
733,20040310,1.1329940167477497
734,20040311,0.7719767062072143
735,20040312,0.5718228820021897
736,20040315,0.5409171298822106
737,20040316,0.3499007495829322
738,20040317,0.7550631423072466
739,20040318,0.5771014125111984
740,20040319,0.6528876734996222
741,20040322,0.8409414067519401
742,20040323,0.45142878984961154
743,20040324,0.5081796680083219
744,20040325,0.5375452614309094
745,20040329,0.8573716144006626
746,20040330,1.0204918857497063
747,20040331,1.0249858243060557
748,20040401,0.4779988447159049
749,20040402,0.26097053703326645
750,20040405,0.56745629114885
751,20040406,0.5365957289343052
752,20040407,0.7758287211737408
753,20040408,0.7896832566709674
754,20040409,1.0923032987884302
755,20040412,0.7735529091776737
756,20040413,0.4648096789192978
757,20040414,0.9510013563678937
758,20040415,1.0532563584490016
759,20040416,1.1221794204137028
760,20040419,0.7473212288974487
761,20040420,1.1547014359985917
762,20040421,0.62428144914028
763,20040422,0.3891220950278439
764,20040423,0.7558166019254399
765,20040426,1.0415402853001754
766,20040427,0.7519744182341276
767,20040428,0.43150697047331404
768,20040429,0.8113740865326361
769,20040430,0.6138863290362412
770,20040510,0.5078297232595381
771,20040511,0.4107517967987937
772,20040512,1.564886016486104
773,20040513,0.768980235399925
774,20040514,0.6738699660078342
775,20040517,0.7441815238771984
776,20040518,0.849045126553701
777,20040519,0.9980901201578197
778,20040520,0.7196661179151312
779,20040521,0.8971278998580812
780,20040524,0.9216923657120387
781,20040525,1.3103442213513237
782,20040526,1.7673423634227394
783,20040527,0.9555320467225215
784,20040528,1.727657357939462
785,20040531,0.7307248461157576
786,20040601,0.8162299821246506
787,20040602,0.35413521833656647
788,20040603,0.6762348640479625
789,20040604,0.9520647121996634
790,20040607,1.5442402171845182
791,20040608,0.6729449939317895
792,20040609,1.1041113098103617
793,20040610,0.9580900177459072
794,20040614,2.2054651812673964
795,20040615,0.6614439569109017
796,20040616,1.5206377210473752
797,20040617,2.546963168570786
798,20040618,0.7023955337548812
799,20040621,0.7371871675330405
800,20040622,0.8349319847672512
801,20040623,0.9696854761039174
802,20040624,0.5374298305012939
803,20040625,1.2404515794178574
804,20040628,1.596058044524341
805,20040629,0.4216516058399998
806,20040630,1.1824072978701643
807,20040701,0.9364399676265639
808,20040702,1.0120242537526756
809,20040705,0.6428794046083675
810,20040706,0.5279129779033039
811,20040707,0.6460917889656137
812,20040708,1.219635282361442
813,20040709,0.7055740677460843
814,20040712,1.0585292542483231
815,20040713,0.705159879501763
816,20040714,1.3307973843558645
817,20040715,4.564110022573181
818,20040716,1.2955760075535085
819,20040719,0.9846905048596408
820,20040720,0.7387708755262417
821,20040721,0.6468058709933043
822,20040722,0.6632152361936022
823,20040723,1.1502669619789185
824,20040726,0.994203914786231
825,20040727,0.8021893580552345
826,20040728,0.726666750307905
827,20040729,0.774889289468133
828,20040730,0.941545917497159
829,20040802,1.050576933898753
830,20040803,0.5268971878959792
831,20040804,0.7965454125941961
832,20040805,0.4441178651086738
833,20040806,0.786477417199863
834,20040809,0.6822053109296564
835,20040810,0.5357763374390486
836,20040811,1.1476134741006685
837,20040812,1.8127770613253293
838,20040813,0.8088340384173003
839,20040816,1.575307418001616
840,20040817,1.387129533228478
841,20040818,0.8833888997117941
842,20040819,0.733432907354576
843,20040820,0.9907285918634783
844,20040823,0.4519639547230771
845,20040824,1.4403164256156964
846,20040825,1.070631835663813
847,20040826,2.3587624871647264
848,20040827,0.47438016673983907
849,20040830,0.8744355869255702
850,20040831,0.832564379406199
851,20040901,0.9920322534987962
852,20040902,1.162373480275984
853,20040903,0.7731796404840181
854,20040906,1.7278790141583416
855,20040907,0.6140457485028255
856,20040908,0.6779291270360152
857,20040909,1.132010556916621
858,20040910,0.8553653735236825
859,20040913,0.7756540517969011
860,20040914,2.210159935094516
861,20040915,1.2703725189070254
862,20040916,0.832599519792343
863,20040917,0.9739846057612889
864,20040920,1.167037036593928
865,20040921,0.8357607614937095
866,20040922,0.6744055972629505
867,20040923,0.965503075943006
868,20040924,1.0114198813809234
869,20040927,1.094859997763294
870,20040928,0.608184738555368
871,20040929,0.9004740771226063
872,20040930,1.4426740124150177
873,20041008,0.8172020661001064
874,20041011,0.5047433737498883
875,20041012,0.6495306151955522
876,20041013,0.9324901173966234
877,20041014,1.4954793004990306
878,20041015,0.685875112050671
879,20041018,0.671985251811419
880,20041019,0.6938892064426507
881,20041020,0.9573366520255411
882,20041021,0.9442770869629121
883,20041022,1.3676440019162714
884,20041025,0.9522269489033439
885,20041026,1.4698190419502695
886,20041027,1.3490717529541454
887,20041028,0.803567741979893
888,20041029,1.0109505805728582
889,20041102,0.7689598547783285
890,20041103,1.196091761677528
891,20041104,1.2607166811908364
892,20041105,0.6546285166009109
893,20041108,1.612309478140236
894,20041109,2.620570927769333
895,20041110,0.888758834365175
896,20041111,0.8386889089076548
897,20041112,1.2090013513216544
898,20041115,0.7925296911554162
899,20041116,0.9781541532719606
900,20041117,0.6819419406278228
901,20041118,0.8556088216971073
902,20041119,3.1693034317531437
903,20041122,2.267985058884789
904,20041123,2.561974672461421
905,20041124,0.6795949036282422
906,20041125,2.351088831793294
907,20041126,0.910280128110897
908,20041129,1.8829333748073491
909,20041130,1.4887544694757109
910,20041201,0.713770510695824
911,20041202,1.9294385622988277
912,20041203,3.7005744399395137
913,20041206,2.6817183764484933
914,20041207,1.6227465125910454
915,20041208,1.1355458921247341
916,20041209,0.5020403298368891
917,20041210,1.740760976931359
918,20041213,1.4970784045997683
919,20041214,1.060055612079499
920,20041215,1.5197116472254877
921,20041216,0.4892724624732646
922,20041217,1.0509305547718601
923,20041220,1.1477037291000767
924,20041221,2.1221210555801155
925,20041222,1.1357965584375478
926,20041223,0.9311095636380791
927,20041224,0.8152608330425892
928,20041227,1.481233642320871
929,20041228,0.7714744242875077
930,20041229,1.197063143240592
931,20041231,1.061139752119326
932,20050104,1.068345385051787
933,20050105,1.2369657146644053
934,20050106,1.1527361407062489
935,20050107,0.7173345785190727
936,20050110,1.2578669554139237
937,20050111,0.8079969584451887
938,20050112,1.6224769350866675
939,20050113,0.6132818433891964
940,20050114,2.7524823389012587
941,20050117,0.685434657775186
942,20050118,1.400978855404954
943,20050119,2.353668425678077
944,20050120,0.8198846615738273
945,20050121,1.5128240291809547
946,20050124,2.309300880474022
947,20050125,1.1452866551136875
948,20050126,3.2374597423442255
949,20050127,1.1690500355406785
950,20050128,0.8827202648871565
951,20050131,1.2140096273021745
952,20050201,0.9975604418379737
953,20050202,0.934161628058842
954,20050203,1.0721875957945126
955,20050204,0.6310478707203782
956,20050216,0.735868558469798
957,20050217,0.5939864090765226
958,20050218,0.6015357611964823
959,20050221,1.1508274027664103
960,20050222,0.899789643071158
961,20050223,0.7089705065999811
962,20050224,1.0377517407288763
963,20050225,0.8428094681458066
964,20050228,0.9414329171576573
965,20050301,0.7209850698640334
966,20050302,0.7425392282024064
967,20050303,0.9338307120427103
968,20050304,0.8196329038228173
969,20050307,0.6490991513155623
970,20050308,0.7315609454498279
971,20050309,0.9183539946469551
972,20050310,1.2800941575208724
973,20050311,0.7727237614208422
974,20050314,1.0499337424538198
975,20050315,0.6535814443003446
976,20050316,0.7352583050297495
977,20050317,0.698039432212324
978,20050318,0.6709394456041223
979,20050321,1.526587515957738
980,20050322,0.5050541186945218
981,20050323,0.9257652030832972
982,20050324,1.208993640512925
983,20050325,1.2854597869241728
984,20050328,1.0377959591595844
985,20050329,1.228854539492947
986,20050330,0.49613556200163234
987,20050331,1.3713335469976369
988,20050401,0.6247352092199785
989,20050404,1.5472432665211104
990,20050405,0.6242714475795696
991,20050406,0.9002653699434435
992,20050407,1.4894322940973155
993,20050408,1.1161949790270187
994,20050411,0.835102527771465
995,20050412,1.1747884415732037
996,20050413,0.7552341263444106
997,20050414,1.0112403131204122
998,20050415,1.0148882548245108
999,20050418,1.4322025595739811
1000,20050419,1.2351729420668807
1001,20050420,0.6869045320029551
1002,20050421,0.7230811531264112
1003,20050422,1.820268314636882
1004,20050425,2.783009457161223
1005,20050426,1.238268807193011
1006,20050427,1.2296197845960388
1007,20050428,1.764708900314444
1008,20050429,1.3019871284938211
1009,20050509,1.2823817568810272
1010,20050510,1.0444878517482106
1011,20050511,1.3257443685247023
1012,20050512,1.6096657431641892
1013,20050513,0.901096701653281
1014,20050516,0.8664251216703766
1015,20050517,0.9672495098459358
1016,20050518,1.929857130108389
1017,20050519,1.7558684779757743
1018,20050520,0.8382059053461876
1019,20050523,0.9175561110305602
1020,20050524,1.0999335537854664
1021,20050525,1.220737014651684
1022,20050526,1.8332561374267098
1023,20050527,0.7865908555885713
1024,20050530,1.0790287454104759
1025,20050531,1.67039086534187
1026,20050601,1.063653134393173
1027,20050602,0.42279658563630557
1028,20050603,0.7908856826021253
1029,20050606,0.7137716689389126
1030,20050607,0.856216267711077
1031,20050608,0.8659999694930373
1032,20050609,0.9738894769575198
1033,20050610,0.6709361546288257
1034,20050613,0.6716488105239322
1035,20050614,1.3965898218783894
1036,20050615,0.8157739195980316
1037,20050616,0.908631038096422
1038,20050617,1.2164553097451318
1039,20050620,1.1135608489744055
1040,20050621,0.9101081460818312
1041,20050622,1.8233685114557818
1042,20050623,0.9220511202411171
1043,20050624,1.8893082222759743
1044,20050627,1.2431398433987966
1045,20050628,1.94190794866015
1046,20050629,1.548954237998906
1047,20050701,1.6083754715492158
1048,20050704,1.082949500153169
1049,20050705,1.308946715213761
1050,20050706,0.7901402417181578
1051,20050707,1.0630184688835067
1052,20050708,1.9313718866015266
1053,20050711,1.0346026586929125
1054,20050712,1.148313501477582
1055,20050713,0.7738012974595873
1056,20050714,0.5547243747252293
1057,20050715,1.3955520700479425
1058,20050718,0.6376714128709546
1059,20050719,0.8354173971452488
1060,20050720,0.9219144476755321
1061,20050721,1.7021404009896821
1062,20050722,0.9447565739106776
1063,20050725,1.378446982599553
1064,20050726,1.2670652779676175
1065,20050727,0.8406353878098113
1066,20050728,0.6083268604064787
1067,20050729,0.7751082792195846
1068,20050801,1.2863517922994696
1069,20050802,0.8664339012399533
1070,20050803,0.7626960895962941
1071,20050804,0.8932064692628173
1072,20050805,1.323712594532682
1073,20050808,1.0567767577059926
1074,20050809,0.4028518781920143
1075,20050810,1.0412961652989736
1076,20050811,1.0994723700677846
1077,20050812,1.0974410268986659
1078,20050815,1.098095629510717
1079,20050816,2.320293336379659
1080,20050817,1.9454608433968235
1081,20050818,1.7212998821718255
1082,20050819,1.6537039230570274
1083,20050822,0.8323543682344496
1084,20050823,1.5220988753231406
1085,20050824,0.9855443334786875
1086,20050825,0.7094168031268417
1087,20050826,1.2019093515687251
1088,20050829,1.0945098729287726
1089,20050830,0.7248079775279092
1090,20050831,1.1742653579802094
1091,20050901,0.9664951185548246
1092,20050902,1.12260943976054
1093,20050905,1.7684955445492185
1094,20050906,1.76794653793937
1095,20050907,1.1449504323138715
1096,20050908,0.8252098749768355
1097,20050909,0.9108387675929673
1098,20050912,1.0456450917478204
1099,20050913,1.652214528746992
1100,20050914,1.3247655875483062
1101,20050915,1.4354032443525184
1102,20050919,1.0310380793756038
1103,20050920,0.9764998074057095
1104,20050921,1.1172581516871225
1105,20050922,1.1820618533932212
1106,20050923,0.5909659132130142
1107,20050926,0.7917160279049333
1108,20050927,0.7126425229620933
1109,20050928,1.1960804224063968
1110,20050929,0.9277248284776938
1111,20050930,1.035094102122378
1112,20051010,1.1654292067578604
1113,20051011,0.8157233450671912
1114,20051012,1.0483206526766997
1115,20051013,1.5225043391391753
1116,20051014,1.151979387255492
1117,20051017,0.5565344757417957
1118,20051018,0.915925333576484
1119,20051019,1.3262693476442584
1120,20051020,0.7593525284684238
1121,20051021,1.6192580661333915
1122,20051024,0.9575590261657402
1123,20051025,1.386447423811184
1124,20051026,1.4712807778229748
1125,20051027,1.016061985355459
1126,20051028,0.9840727832467878
1127,20051031,1.014495816888944
1128,20051101,0.49848221153417616
1129,20051102,1.1885063664430875
1130,20051103,1.1243038393364906
1131,20051104,1.3467362687206552
1132,20051107,1.6351016846082003
1133,20051108,0.7950095936332509
1134,20051109,0.6567547601196393
1135,20051110,0.784450552477986
1136,20051111,0.9789567420168874
1137,20051114,1.3249512114334163
1138,20051115,1.4023251830625278
1139,20051116,0.7115428233177215
1140,20051117,2.2064910053399336
1141,20051118,0.6891584075489371
1142,20051121,1.510762120797681
1143,20051122,1.2876376036521153
1144,20051123,0.3784345825748431
1145,20051124,0.9387051577449477
1146,20051125,0.724843316890878
1147,20051128,2.0964649517144602
1148,20051129,0.6884906396420596
1149,20051130,1.0818085007758504
1150,20051201,4.329826971311991
1151,20051202,0.8094201843654447
1152,20051205,1.8046401649807164
1153,20051206,0.8434961602950259
1154,20051207,1.7084794880730965
1155,20051208,0.8730102119260256
1156,20051209,1.2124927915566137
1157,20051212,0.783577190116439
1158,20051213,0.7661823952477743
1159,20051214,1.0214741347746126
1160,20051215,0.8126448137480388
1161,20051216,1.2513022608666267
1162,20051219,1.5228166771766831
1163,20051220,1.0497093646731086
1164,20051221,1.0191970181969174
1165,20051222,1.1220489234086974
1166,20051223,1.3126200049343886
1167,20051226,0.7318847165230021
1168,20051227,1.0563084836390333
1169,20051228,0.5707220371599333
1170,20051229,1.055081572029414
1171,20051230,0.6279399236684642
1172,20060104,1.180819485804944
1173,20060105,1.1889642388854567
1174,20060106,1.8083013113898758
1175,20060109,0.9892983723301474
1176,20060110,0.7138797337964322
1177,20060111,0.9932544489295804
1178,20060112,1.3478346936605134
1179,20060113,0.7834218649988433
1180,20060116,1.3004359750897916
1181,20060117,0.6961137778792673
1182,20060118,1.4431156663953721
1183,20060119,0.8809539264704479
1184,20060120,0.9283031485568769
1185,20060123,1.2861133611976543
1186,20060124,0.49677978828360847
1187,20060125,0.9169477788268127
1188,20060206,0.7320251568265986
1189,20060207,0.5138923263902512
1190,20060208,1.0321283494587727
1191,20060209,1.1366225516518567
1192,20060210,0.888789249828078
1193,20060213,0.7978249187439295
1194,20060214,1.448521158712225
1195,20060215,0.9979713664724282
1196,20060216,1.2108170951034218
1197,20060217,0.7983776298855868
1198,20060220,0.5164950827343603
1199,20060221,0.45354873006652563
1200,20060222,0.5399447653796282
1201,20060223,0.6361121981374654
1202,20060224,0.5402608959613503
1203,20060227,1.0113421823363298
1204,20060228,1.1940154906466975
1205,20060301,0.7423576039603859
1206,20060302,1.0650796951362225
1207,20060303,0.916281920689479
1208,20060327,1.8946204619663516
1209,20060328,1.153947116510044
1210,20060329,1.1479901448070493
1211,20060424,1.7821897737350765
1212,20060425,0.7601330593348902
1213,20060426,1.3274693619927271
1214,20060427,1.3101178301243759
1215,20060428,1.5201521527819555
1216,20060508,2.1116739861271454
1217,20060509,1.3157024104232753
1218,20060510,1.6493327370527042
1219,20060511,1.1659868837056133
1220,20060512,0.7182675922141076
1221,20060515,0.817691323130414
1222,20060516,1.390628554757673
1223,20060517,0.5319270195878318
1224,20060518,0.5577234379557197
1225,20060519,0.814912187728181
1226,20060522,0.5989478736647592
1227,20060523,1.292951780519908
1228,20060524,1.1813581108565763
1229,20060525,0.8799062757606417
1230,20060526,0.690934872461471
1231,20060529,1.1255695886343269
1232,20060530,0.5573708927861498
1233,20060531,0.9433358490502083
1234,20060601,0.49322341766973044
1235,20060602,0.6427965033002204
1236,20060605,0.911587288057054
1237,20060606,0.4602088725706438
1238,20060607,0.8360483883553133
1239,20060608,0.5681251923246814
1240,20060609,0.5354785546029476
1241,20060612,0.41241972848213904
1242,20060613,0.5696736477758919
1243,20060614,1.1046975938283696
1244,20060616,2.2502286724193485
1245,20060619,1.6536938375367578
1246,20060620,0.9311065074588876
1247,20060621,0.4178184235705926
1248,20060622,0.9909024009507021
1249,20060623,1.0654640050919268
1250,20060626,1.2036265183389359
1251,20060627,1.285180903790716
1252,20060628,1.283568945159887
1253,20060629,0.7046144263254246
1254,20060630,0.5954030530503899
1255,20060703,0.39675798928354233
1256,20060704,0.8443833441708483
1257,20060705,0.8590653464369367
1258,20060706,0.7104284721372709
1259,20060707,0.7142634634431103
1260,20060710,0.4797666439948847
1261,20060711,0.870089096357543
1262,20060712,1.0088024508674083
1263,20060713,1.1224969410660757
1264,20060714,1.278551024752074
1265,20060717,1.9135693749444505
1266,20060718,1.6761988600553217
1267,20060719,0.7611038160276513
1268,20060720,0.7959747904219403
1269,20060721,0.5938932780426168
1270,20060724,1.0211430468747127
1271,20060725,1.7232471203090551
1272,20060726,2.6334715008001583
1273,20060727,1.6633680951572947
1274,20060728,2.7177623706189062
1275,20060731,1.5586361678185188
1276,20060801,2.7730013111656113
1277,20060802,2.2338446504879417
1278,20060803,2.584725269203022
1279,20060804,1.2902028427398944
1280,20060807,1.814361875028238
1281,20060808,2.0376413259211685
1282,20060809,3.0140726326875855
1283,20060810,1.1203776514196744
1284,20060811,1.7689201091837743
1285,20060814,1.7426011398737342
1286,20060815,1.348255427653741
1287,20060816,2.054930010525988
1288,20060817,1.474554762979496
1289,20060818,1.091746736819901
1290,20060821,1.8001738571717651
1291,20060822,1.49205292929276
1292,20060823,1.347291514839851
1293,20060824,1.071087624626085
1294,20060825,0.7674636002448896
1295,20060828,1.4772722300482828
1296,20060829,1.1135186882541834
1297,20060830,0.6450725695539494
1298,20060831,1.4866839203196685
1299,20060901,0.9956706213672459
1300,20060904,1.2162121396222612
1301,20060905,1.2997988037422068
1302,20060906,0.96899841581406
1303,20060907,0.9044044822498096
1304,20060908,1.147351075150437
1305,20060911,1.2058446200441806
1306,20060912,0.5027697395260626
1307,20060913,1.3951020160207375
1308,20060914,1.425049321703113
1309,20060915,1.1360342684988365
1310,20060918,1.022489490787996
1311,20060919,0.9935128923973626
1312,20060920,1.263334923915023
1313,20060921,0.8553568766522681
1314,20060922,0.9180562580308481
1315,20060925,2.4608521165985797
1316,20060926,1.240647050348807
1317,20060927,0.7611909078297533
1318,20060928,0.818596355997644
1319,20060929,0.7612545778635608
1320,20061009,1.0008003049480287
1321,20061010,0.7462953908416975
1322,20061011,0.8789112924809431
1323,20061012,0.46005677210562157
1324,20061013,1.5725986848630005
1325,20061016,1.2490681845891458
1326,20061017,0.802430720589487
1327,20061018,0.8664824851177859
1328,20061019,1.5641172002115693
1329,20061020,1.3931212300093192
1330,20061023,1.767368243696418
1331,20061024,0.9122695460158421
1332,20061025,0.8574919704591458
1333,20061026,0.5144287034656528
1334,20061027,0.8227904472140147
1335,20061030,0.5047876750816742
1336,20061031,0.5929978886445992
1337,20061101,0.7979216993445771
1338,20061102,0.6010231394367124
1339,20061103,0.4953785237991651
1340,20061106,0.6059296410057575
1341,20061107,1.4251823973118016
1342,20061108,0.7761973631216692
1343,20061109,0.5168128772590026
1344,20061110,1.109002399934659
1345,20061113,1.3970682327889294
1346,20061114,1.1236041704892477
1347,20061115,0.8911654788224409
1348,20061116,0.6596154940069721
1349,20061117,1.5793626718740232
1350,20061120,0.7843165856754298
1351,20061121,0.528211083133515
1352,20061122,0.6580918959946769
1353,20061123,0.7586684497451657
1354,20061124,0.5119229796313202
1355,20061127,0.7670727978989215
1356,20061128,0.7151695779453718
1357,20061129,1.2204720205847421
1358,20061130,0.42687500201267725
1359,20061201,0.5744034134692528
1360,20061204,0.6647874896138665
1361,20061205,0.6516145514625473
1362,20061206,0.8660044510807453
1363,20061207,0.6434857941103582
1364,20061208,0.7208767068748986
1365,20061211,0.6757712129874923
1366,20061212,1.113723942832309
1367,20061213,0.6553390053140181
1368,20061214,0.6221218450682674
1369,20061215,0.8306483958487759
1370,20061218,0.7766928209622345
1371,20061219,0.6328158132691487
1372,20061220,1.4525390703213328
1373,20061221,0.9746237025129654
1374,20061222,0.8096900540226597
1375,20061225,0.6641648220102889
1376,20061226,0.6397833276298357
1377,20061227,0.5449287455623691
1378,20061228,0.8173837914199278
1379,20061229,0.34795350311241097
1380,20070104,0.4693539182945465
1381,20070105,1.0152577839152774
1382,20070108,2.0005705961269653
1383,20070109,0.5611593494771725
1384,20070110,1.278930760143546
1385,20070111,1.9680475957898174
1386,20070112,1.7109940517061286
1387,20070115,1.6596852275051868
1388,20070116,1.504891826639169
1389,20070117,1.1487051166413627
1390,20070118,1.2042107296048306
1391,20070119,1.2523813962597437
1392,20070122,1.5560378500763936
1393,20070123,1.1356945975019985
1394,20070124,1.0591658479460924
1395,20070125,1.562696596490846
1396,20070126,1.5197519069444587
1397,20070130,2.309320946431477
1398,20070131,0.9406807466636385
1399,20070201,1.8470925852754014
1400,20070202,1.6428032044565588
1401,20070205,0.9851602778345725
1402,20070206,1.0424287834387247
1403,20070207,1.2311131705716147
1404,20070208,0.9645133159381127
1405,20070209,1.0131643117436768
1406,20070212,0.7527169455960312
1407,20070213,1.2241520011320197
1408,20070214,1.0386053154342452
1409,20070215,0.5709473602058764
1410,20070216,2.0706950279979472
1411,20070226,1.207829796889923
1412,20070227,0.9980897014131065
1413,20070228,1.2286959284401795
1414,20070301,1.2292456787373942
1415,20070302,1.1107154059185855
1416,20070305,0.9973572494985042
1417,20070306,0.7257949470572141
1418,20070307,0.8690218167929747
1419,20070308,1.0245212940531128
1420,20070309,1.1224335184209224
1421,20070312,1.073479951912219
1422,20070313,1.1709319702476764
1423,20070314,0.8059473706632557
1424,20070315,1.3600005419438845
1425,20070316,0.8970957360227974
1426,20070319,1.2799688815524486
1427,20070320,1.3030545617045965
1428,20070321,1.846374131844184
1429,20070322,0.9854050811007734
1430,20070323,0.7447180644754897
1431,20070326,0.6439165397832417
1432,20070327,0.9042903119623716
1433,20070328,1.0822147188169473
1434,20070329,1.0313888727657985
1435,20070330,0.5837117891920475
1436,20070403,2.1272865070093565
1437,20070404,1.547054682282601
1438,20070405,0.9109395781684098
1439,20070406,1.1001034477928935
1440,20070409,0.8658944059887586
1441,20070410,0.8172447212022217
1442,20070411,1.0596588766194732
1443,20070412,1.152507701400184
1444,20070413,1.5963887317480852
1445,20070416,0.7827635611294416
1446,20070417,1.255742768697165
1447,20070418,1.636800751850306
1448,20070419,1.2425545318925246
1449,20070420,0.7969406474453445
1450,20070423,0.716393247698134
1451,20070424,1.2960642692432105
1452,20070425,0.7370563874083726
1453,20070426,1.1068197021504271
1454,20070427,0.6245422395865616
1455,20070430,0.6054239968595032
1456,20070508,1.4376371964596057
1457,20070509,0.702883431592277
1458,20070510,1.018509239717953
1459,20070511,0.818224289060069
1460,20070514,0.7231269572470794
1461,20070515,0.976693264218366
1462,20070516,0.7414286724048246
1463,20070517,0.9479939426281169
1464,20070518,0.6090724561973552
1465,20070521,1.0691061610137165
1466,20070522,1.1639349061120272
1467,20070523,0.750959881073948
1468,20070524,1.4070403895336
1469,20070525,0.6212697730787142
1470,20070528,1.2921306093565077
1471,20070529,2.5387028036181065
1472,20070530,0.8815490938702397
1473,20070531,0.9894251698606427
1474,20070601,1.0936337807897172
1475,20070604,1.3012051122492965
1476,20070605,0.986099070202476
1477,20070606,1.9276425193480986
1478,20070607,1.603900098290286
1479,20070608,2.487844809726677
1480,20070611,1.234095200971639
1481,20070612,1.2857493923795653
1482,20070613,0.9482089108099105
1483,20070614,1.0072988834662024
1484,20070618,1.0224940241429792
1485,20070619,1.4079269017156593
1486,20070620,1.3827128659593486
1487,20070621,1.3147138311379747
1488,20070622,1.396350344736662
1489,20070625,1.3782444725356005
1490,20070626,1.296822442423766
1491,20070627,0.6492027586680872
1492,20070628,1.3621211340550547
1493,20070629,1.3604296574507713
1494,20070702,0.9215104617628558
1495,20070703,0.7188892921637685
1496,20070704,1.018540690635325
1497,20070705,1.5603438892056758
1498,20070706,1.168764374802038
1499,20070709,0.8810037906637724
1500,20070710,1.078525290129056
1501,20070711,1.8205262809487273
1502,20070712,1.1881008034326448
1503,20070713,1.2882096069273392
1504,20070716,1.015425353269547
1505,20070717,0.8940651431711045
1506,20070718,0.8832459912335291
1507,20070719,0.7746643193813516
1508,20070720,0.8925081048398124
1509,20070723,1.009153375641819
1510,20070724,1.0631072602051042
1511,20070725,0.837595299692287
1512,20070726,0.9365072064360356
1513,20070727,0.7674603301706331
1514,20070730,1.0680490335677355
1515,20070731,1.772035413253636
1516,20070801,1.2035210173605524
1517,20070802,1.080124148963705
1518,20070803,0.5017546675095457
1519,20070806,0.4882763825943222
1520,20070807,0.7081661929032502
1521,20070808,0.895477146724701
1522,20070809,0.5174782766400475
1523,20070810,0.713393686701544
1524,20070813,0.489787439757375
1525,20070814,0.6368306980251942
1526,20070815,0.9770476136723226
1527,20070816,0.9750402908173029
1528,20070817,0.8307930405133297
1529,20070820,0.8318605208602557
1530,20070821,1.0652506649608915
1531,20070822,1.1513354532643372
1532,20070823,1.8550564888811005
1533,20070824,0.7863490141906643
1534,20070827,0.4795371232256082
1535,20070828,0.8139033143591781
1536,20070829,1.326623278094639
1537,20070830,0.8840903791302347
1538,20070831,0.7629939344129975
1539,20070903,0.956354805215995
1540,20070904,0.5614315773535382
1541,20070905,0.5743093492392446
1542,20070906,0.4741198751474823
1543,20070907,0.7866987032809064
1544,20070910,0.7289942606219603
1545,20070911,1.253111418488511
1546,20070912,0.48892516620305015
1547,20070913,0.4494244677763321
1548,20070914,0.8665543181169859
1549,20070917,0.879412263153538
1550,20070918,0.48707686013523405
1551,20070919,0.7057263853796711
1552,20070920,0.8298654940289282
1553,20070921,1.5167725272069343
1554,20070924,1.3537582488500592
1555,20070925,0.9186639109152813
1556,20070926,0.7721035167994104
1557,20070927,0.8073815282842146
1558,20070928,0.564432862856356
1559,20071008,0.9315011334608809
1560,20071009,0.5607338411510849
1561,20071010,0.7663740767196996
1562,20071011,0.5745140526851427
1563,20071012,0.9386932253864101
1564,20071015,0.83642783167147
1565,20071016,1.0274202696147505
1566,20071017,0.9792392117026694
1567,20071018,1.3204154321162649
1568,20071019,1.1118857466831809
1569,20071022,1.23788986700998
1570,20071023,0.588893050074489
1571,20071024,0.6734730872009264
1572,20071025,1.2083923034513282
1573,20071026,1.071049501504285
1574,20071029,0.6633451910619806
1575,20071030,1.2195086508544
1576,20071031,1.1115659688365076
1577,20071101,0.6485036628565921
1578,20071102,0.9073904509858528
1579,20071105,0.6140111054904286
1580,20071106,0.9444302161313194
1581,20071107,0.8148586268816717
1582,20071108,1.7097095456359581
1583,20071109,0.8691030628765612
1584,20071112,1.8689675277207993
1585,20071113,0.9768146394923882
1586,20071114,0.5435381650588698
1587,20071115,0.8844782624479134
1588,20071116,0.7688016607242651
1589,20071119,0.6601511890248569
1590,20071120,0.7881015969588251
1591,20071121,1.5696031926621163
1592,20071122,1.3776283750516893
1593,20071123,0.8613541000611029
1594,20071126,0.9861911770008182
1595,20071127,1.7055669959923951
1596,20071128,1.2715222041092031
1597,20071129,0.8204780758485747
1598,20071130,1.0883158981692063
1599,20071203,0.9230324537811476
1600,20071204,1.1588124527041403
1601,20071205,0.806479837874271
1602,20071206,0.9719594772752295
1603,20071207,1.2929252653417234
1604,20071210,1.1163473318341115
1605,20071211,0.7621682466464145
1606,20071212,1.0155013597325342
1607,20071213,1.6368905467326254
1608,20071214,2.022992566068201
1609,20071217,1.6469386243652282
1610,20071218,1.6081100038825766
1611,20071219,1.0681172439464577
1612,20071220,0.8482740748424366
1613,20071221,0.9720050901827159
1614,20071224,0.9364376556925007
1615,20071225,0.9578670701995545
1616,20071226,0.9148601567996204
1617,20071227,1.2064873629801092
1618,20071228,1.027439946893326
1619,20080102,1.5360820937843025
1620,20080103,0.8067713784756526
1621,20080104,1.1895471485514297
1622,20080107,1.301070333395208
1623,20080108,1.1584863507997114
1624,20080109,1.3340086095842831
1625,20080110,1.0693683376581102
1626,20080111,0.780917920247981
1627,20080114,0.8927308111859287
1628,20080115,0.8164144658696543
1629,20080116,1.506970556615208
1630,20080117,1.670847928236777
1631,20080118,1.612643525979229
1632,20080121,1.2441848854467512
1633,20080122,0.986822214040883
1634,20080123,1.1443091774805993
1635,20080124,0.6259017113687366
1636,20080125,0.8267127725191141
1637,20080128,0.9085144440663083
1638,20080129,0.936482342699642
1639,20080130,0.8368217170924863
1640,20080131,1.011326768406263
1641,20080201,1.174014944904857
1642,20080204,1.0516103910791297
1643,20080205,0.8013965691303253
1644,20080213,0.7486142674666512
1645,20080214,1.4083990226810175
1646,20080215,1.369375678920684
1647,20080218,1.1729449248367867
1648,20080219,1.0891832016363756
1649,20080220,0.5771176100961296
1650,20080221,1.0301317565232575
1651,20080222,1.0516938414597936
1652,20080225,1.1247122603071344
1653,20080226,0.7494242825326157
1654,20080227,0.5956961992484564
1655,20080228,0.9238782919088195
1656,20080229,0.9922439928557861
1657,20080303,1.0807646190154847
1658,20080304,1.0144713245481942
1659,20080305,0.7571972825018535
1660,20080306,0.503739952785895
1661,20080307,1.1760082139058357
1662,20080310,1.0976734990294403
1663,20080311,1.6110168265500613
1664,20080312,0.9517833179089195
1665,20080313,0.9911854038260989
1666,20080314,0.6312721224185912
1667,20080317,1.4864463306860942
1668,20080318,1.461985759160033
1669,20080319,1.072923651713877
1670,20080320,0.9599006112830952
1671,20080321,0.8875544390794345
1672,20080324,0.7062056579019594
1673,20080325,1.3941730905581693
1674,20080326,1.0595982337951162
1675,20080327,1.202814505661696
1676,20080328,1.3243939059272334
1677,20080331,0.8889166130748196
1678,20080401,1.644656885088676
1679,20080402,1.1758242920030781
1680,20080403,1.00608947383766
1681,20080407,1.3794991626310198
1682,20080408,0.7157804926561017
1683,20080409,1.3567828119553944
1684,20080410,1.4845595157139648
1685,20080411,0.9186715588874041
1686,20080414,1.3423983283681142
1687,20080415,2.0190751003529592
1688,20080416,1.251003317392468
1689,20080417,0.9142317785965971
1690,20080418,1.4084620833124688
1691,20080421,0.9118803176804405
1692,20080422,1.1813241057134816
1693,20080423,1.0293097701110427
1694,20080424,1.1222006151301325
1695,20080425,0.737438374987995
1696,20080428,1.115076265530918
1697,20080429,0.7428273474545307
1698,20080430,0.8721306984031534
1699,20080505,0.7116245408003348
1700,20080506,1.0852791658957395
1701,20080507,0.8647220917963001
1702,20080508,1.1014896474244615
1703,20080509,1.029852408736204
1704,20080512,1.3302395279618933
1705,20080513,2.7378198822344255
1706,20080514,1.686709754682815
1707,20080515,1.3196694476362056
1708,20080516,0.9663276211289229
1709,20080519,1.0033367573538643
1710,20080520,1.448661705496312
1711,20080521,1.7407917762601226
1712,20080522,1.610515652931665
1713,20080523,0.9919776858154898
1714,20080526,1.055401744577351
1715,20080527,2.0677201790365247
1716,20080528,0.9355443291434168
1717,20080530,1.526141859156391
1718,20080602,0.7833007817079829
1719,20080603,1.3729879315872267
1720,20080604,1.1447408108692398
1721,20080605,0.867695286268955
1722,20080606,1.054584387816106
1723,20080610,1.2784036645892856
1724,20080611,0.6727360079532683
1725,20080612,0.8850722738884447
1726,20080613,0.9587091092421399
1727,20080616,1.1648537854532606
1728,20080617,1.4096337287926324
1729,20080618,1.0155908181171203
1730,20080619,1.4776263402057004
1731,20080620,1.018185471504531
1732,20080623,1.6048475850392998
1733,20080624,0.9885516874520504
1734,20080625,1.2722842314755824
1735,20080626,1.4145409325104115
1736,20080627,1.1668067479446593
1737,20080630,1.295649486289043
1738,20080701,0.7142773778872896
1739,20080702,1.2121858060507718
1740,20080703,1.1085148683229324
1741,20080704,0.8571922265239643
1742,20080707,0.7908439696258386
1743,20080708,0.7044649938633512
1744,20080709,0.982436368652442
1745,20080710,0.7904072161472175
1746,20080711,1.094328320195978
1747,20080714,2.850008355657752
1748,20080715,1.397903222379811
1749,20080716,1.195150089292638
1750,20080717,1.3643169295045727
1751,20080718,1.2989243200993814
1752,20080721,1.1813576804880015
1753,20080722,0.9448911445308409
1754,20080723,0.9988359554625299
1755,20080724,0.6624084974915311
1756,20080725,0.5834953726571164
1757,20080728,0.7033800692990024
1758,20080729,0.725358885933323
1759,20080730,1.2981954811412384
1760,20080731,1.7906969273904916
1761,20080801,0.8093905490109231
1762,20080804,0.9295605010830044
1763,20080805,1.1866421359567998
1764,20080806,0.6322533471970113
1765,20080807,1.2950950684161349
1766,20080808,0.9046869688057788
1767,20080811,1.3145346840782792
1768,20080812,0.5625310463363699
1769,20080813,1.2446874052572914
1770,20080814,0.8379749689114071
1771,20080815,0.9958881670730261
1772,20080818,1.2416955349499483
1773,20080819,1.168366196682756
1774,20080820,1.0063171980234178
1775,20080821,0.8564810361511925
1776,20080822,1.339306059445666
1777,20080825,2.062317062333894
1778,20080826,1.0335825339458125
1779,20080827,1.5739196333142311
1780,20080828,0.5079372855970925
1781,20080829,1.3570856212736522
1782,20080901,2.382415721878917
1783,20080902,1.3961250097966371
1784,20080903,1.063486379836941
1785,20080904,2.206077100957645
1786,20080905,1.452249235477259
1787,20080908,1.8426396631218613
1788,20080909,0.8315106086528579
1789,20080910,1.0337839022835968
1790,20080911,0.7180937036074029
1791,20080912,1.052015315676771
1792,20080916,1.6365941157598216
1793,20080917,0.8782234868867977
1794,20080918,0.8693167826072145
1795,20080919,1.4544215895346089
1796,20080922,1.5320082318389356
1797,20080923,0.9394006945876366
1798,20080924,1.4328796474645895
1799,20080925,0.6985131172086322
1800,20080926,0.8351430352789968
1801,20081006,1.3387439077146217
1802,20081007,2.145547280852537
1803,20081008,1.3426986127211429
1804,20081009,1.1398692184350723
1805,20081010,1.3729452827058986
1806,20081013,1.071492609441853
1807,20081014,1.1938463446741776
1808,20081015,1.2697538738060057
1809,20081016,1.4944618330909312
1810,20081017,1.5852268236427707
1811,20081020,1.2148707230660785
1812,20081021,0.8701453461485812
1813,20081022,1.1148902899377655
1814,20081023,0.8540130516670044
1815,20081024,0.8907837069570523
1816,20081027,1.2349190406912978
1817,20081028,0.7384392585256542
1818,20081029,1.5189183015131302
1819,20081030,0.903092075130227
1820,20081031,1.1529246641606383
1821,20081103,1.0191280311971198
1822,20081104,1.69072190136409
1823,20081105,0.9669073073219254
1824,20081106,2.564279557918372
1825,20081107,0.5591044360690274
1826,20081110,0.9375650635220292
1827,20081111,0.9626684930978856
1828,20081112,1.3595155891433908
1829,20081113,1.184479863568387
1830,20081114,1.7765979737603435
1831,20081117,1.6573782288622216
1832,20081118,1.092243483230578
1833,20081119,1.1887826129424546
1834,20081120,1.2383760220210729
1835,20081121,1.016776712085296
1836,20081124,1.729927397596625
1837,20081125,1.404611721243662
1838,20081126,1.407102918359848
1839,20081127,0.9944283980207727
1840,20081128,0.993810691603886
1841,20081201,1.4629443700074345
1842,20081202,1.8994241877610694
1843,20081203,1.297203799549915
1844,20081204,1.6363198890538462
1845,20081205,1.5940805286066193
1846,20081208,1.1383078062690393
1847,20081209,0.8928019759429312
1848,20081210,0.9963871337440663
1849,20081211,0.9803857280579592
1850,20081212,1.0609961383224777
1851,20081215,1.6492052552485323
1852,20081216,1.6147244858345886
1853,20081217,2.172899495742821
1854,20081218,1.2601669194550407
1855,20081219,1.7996399201718356
1856,20081222,1.819157652010509
1857,20081223,1.77439025810403
1858,20081224,2.4636128334577996
1859,20081225,1.255388475988954
1860,20081226,1.9359425188571011
1861,20081229,1.2260311672973228
1862,20081230,1.2577966520506807
1863,20081231,1.2645613963035343
1864,20090105,1.0147992644661274
1865,20090106,1.0230296538384416
1866,20090107,1.6983616373971926
1867,20090108,1.7341173623399775
1868,20090109,1.4577344447318235
1869,20090112,1.1017671824772186
1870,20090113,1.861649488355975
1871,20090114,0.9007069498606666
1872,20090115,1.2216670553055258
1873,20090116,0.8982533056052767
1874,20090119,1.0598410992689293
1875,20090120,1.2988559509861486
1876,20090121,1.0019376254580274
1877,20090122,1.6134699405463284
1878,20090123,0.9492499015360699
1879,20090202,0.7042575878883769
1880,20090203,0.9600288884807421
1881,20090204,0.9341197787217543
1882,20090205,1.0930801817282483
1883,20090206,0.9923618898080581
1884,20090209,1.4849972781641878
1885,20090210,1.462131205598052
1886,20090211,1.0657829649419472
1887,20090212,0.9957387360355231
1888,20090213,0.6419372900725621
1889,20090216,1.1166363758470452
1890,20090217,0.9286901308725104
1891,20090218,0.7548766071520313
1892,20090219,0.8191647005481938
1893,20090220,1.0745626762489566
1894,20090223,1.1239733674043602
1895,20090224,1.2802365398774962
1896,20090225,0.8880026991202623
1897,20090226,1.5492566851874396
1898,20090227,1.5919929763635583
1899,20090302,0.736460018434862
1900,20090303,1.9085203066889465
1901,20090304,0.7257887106329852
1902,20090305,1.2069418639142635
1903,20090306,1.1941946458466144
1904,20090309,1.651509405262799
1905,20090310,1.3945264143179943
1906,20090311,0.9601370030911769
1907,20090312,1.024044633057562
1908,20090313,1.038573744277264
1909,20090316,0.9790639471627736
1910,20090317,0.9934266868703893
1911,20090318,1.0523460354383343
1912,20090319,0.623943069040944
1913,20090320,0.8254234730323199
1914,20090323,1.057698330305327
1915,20090324,0.8800142756992559
1916,20090325,1.0748675983581037
1917,20090326,0.8390142574124132
1918,20090327,0.5361106937949619
1919,20090330,0.6460685577118416
1920,20090331,0.6786827783810029
1921,20090401,0.6848490192940621
1922,20090402,0.8422171657883888
1923,20090403,0.9369291084127278
1924,20090407,1.2158893747138813
1925,20090408,0.8293174593174804
1926,20090409,1.480796825178215
1927,20090410,0.8228054412399936
1928,20090413,0.4518851251247585
1929,20090414,0.8053412178447938
1930,20090415,0.6531266761825956
1931,20090416,0.8574451692533993
1932,20090417,0.9928033661459944
1933,20090420,1.1867940377445756
1934,20090421,1.4720052158780343
1935,20090422,1.2288119439634582
1936,20090423,0.8829386982873955
1937,20090424,0.8041556122953772
1938,20090427,1.0449632167906506
1939,20090428,2.830821770474972
1940,20090429,1.9770095834290868
1941,20090430,3.1024840759110184
1942,20090504,1.079466776297869
1943,20090505,0.9596567807533748
1944,20090506,0.6547195004545598
1945,20090507,1.0356605675275625
1946,20090508,0.9828609079660151
1947,20090511,0.9610250870009103
1948,20090512,1.0504862042013614
1949,20090513,0.6843843392311976
1950,20090514,0.7164927261808659
1951,20090515,1.262663742670906
1952,20090518,1.0766836240763222
1953,20090519,0.5424968689025732
1954,20090520,0.7227177016957459
1955,20090521,0.9845338743677963
1956,20090522,0.6786935544448244
1957,20090525,0.7113037465684683
1958,20090526,0.6538095660048032
1959,20090527,0.6988603103415297
1960,20090601,0.591511351889791
1961,20090602,0.34442568782314364
1962,20090603,0.4125506214682127
1963,20090604,0.5126385913106443
1964,20090605,0.6065677180227591
1965,20090608,0.37720575454995653
1966,20090609,0.951064227097203
1967,20090610,0.5562714267126119
1968,20090611,0.6764543012470007
1969,20090612,0.9380168463888521
1970,20090615,0.8170153381591755
1971,20090616,0.6016552709455605
1972,20090617,0.862895366000548
1973,20090618,1.0263581525198813
1974,20090622,3.014188225591446
1975,20090623,0.3615642400886905
1976,20090624,0.32027973699591183
1977,20090625,0.5608675034323233
1978,20090626,0.7463618163347613
1979,20090629,0.4993624936505097
1980,20090630,0.5900526474933936
1981,20090701,0.43883144900464965
1982,20090702,0.36912787581295764
1983,20090703,0.3397072960453577
1984,20090706,0.4182925545404802
1985,20090707,0.7012831784251583
1986,20090708,0.6141434563643519
1987,20090709,0.5933700245275921
1988,20090710,0.7189703101958685
1989,20090713,0.8473933915625196
1990,20090714,0.5316026308710229
1991,20090715,0.40231257967863604
1992,20090716,0.4316902622894936
1993,20090717,0.425706256302463
1994,20090720,0.7087225812206486
1995,20090721,0.8075342176005994
1996,20090722,0.4249306596794091
1997,20090723,0.4681669992566281
1998,20090724,0.679217690781773
1999,20090727,0.6739536452508103
2000,20090728,0.5995417181178982
2001,20090729,1.1296594520107854
2002,20090730,0.6742206959423624
2003,20090731,0.5879189823283417
2004,20090803,0.8651366292749775
2005,20090804,1.8702477592237303
2006,20090805,1.1248645292047168
2007,20090806,0.859917106467437
2008,20090807,0.6568106455316406
2009,20090810,0.7282791372022565
2010,20090811,1.120411049929338
2011,20090812,1.162160325523985
2012,20090813,0.5838796835844555
2013,20090814,1.2110789590416084
2014,20090817,1.1588370847708216
2015,20090818,0.544554160871894
2016,20090819,1.0049519913676066
2017,20090820,0.5556202807241023
2018,20090821,0.8271807147744913
2019,20090825,0.8734351131957631
2020,20090826,1.2003554131564467
2021,20090827,1.6165286916446653
2022,20090828,1.2170639746455731
2023,20090831,1.0553292816861168
2024,20090901,0.7197249673228939
2025,20090902,0.7752916874901429
2026,20090903,0.6479752133203255
2027,20090904,0.7734498869767154
2028,20090907,1.4545027489649038
2029,20090908,0.6661244603372011
2030,20090909,0.840621060258564
2031,20090910,0.6579574237422534
2032,20090911,0.6287352008777015
2033,20090914,0.7109651486060368
2034,20090915,0.4524556904734433
2035,20090916,0.9732746727861
2036,20090917,0.7009914787987239
2037,20090918,0.8361683762230785
2038,20090921,1.251154262300014
2039,20090922,1.1768485290875788
2040,20090923,1.3181422059711556
2041,20090924,1.0724496332968672
2042,20090925,0.7787549365000226
2043,20090928,1.3384881193264777
2044,20090929,1.0597910165091982
2045,20090930,0.5496640038202351
2046,20091009,1.059650201017009
2047,20091012,0.651573846324235
2048,20091013,1.1095072557603178
2049,20091014,0.8114082145027267
2050,20091015,0.8413499709699777
2051,20091016,0.6231222722014597
2052,20091019,0.7516348221962706
2053,20091020,1.2419819343429932
2054,20091021,0.764925705151124
2055,20091022,0.5336998689382473
2056,20091023,0.5141629836257462
2057,20091026,0.8154990054622547
2058,20091027,0.8304172466039814
2059,20091028,0.8194743370174903
2060,20091029,2.0119001471262243
2061,20091030,3.375923905048707
2062,20091102,2.069461415603991
2063,20091103,2.81646624881087
2064,20091104,3.0227117097523655
2065,20091105,2.6424258741100983
2066,20091106,2.091589527712038
2067,20091109,1.3531241208069322
2068,20091110,1.9444284849100346
2069,20091111,1.0868256573746655
2070,20091112,0.942671367179496
2071,20091113,1.1563774404992961
2072,20091116,0.5912905737481265
2073,20091117,4.323726659080782
2074,20091118,3.024649016976052
2075,20091119,2.772696246431119
2076,20091120,3.818883729247783
2077,20091123,5.199933388095036
2078,20091124,2.3755722448337817
2079,20091125,1.3503860220813113
2080,20091126,1.4554443845733693
2081,20091127,1.8099136420662711
2082,20091130,1.151778955368221
2083,20091201,1.600349009001134
2084,20091202,1.5914025804363179
2085,20091203,1.7058806632373882
2086,20091204,1.70184425399323
2087,20091207,0.9891131961254647
2088,20091208,0.9767523881242107
2089,20091209,1.2028121736952093
2090,20091210,1.5072960164992897
2091,20091211,1.6459860104504298
2092,20091214,1.0245587130831064
2093,20091215,1.3965262204403852
2094,20091216,1.4667443623573087
2095,20091217,2.085966250202394
2096,20091218,1.3328573277779527
2097,20091221,0.9988892802580814
2098,20091222,0.9416218801903963
2099,20091223,0.9343524064080515
2100,20091224,1.0751741292743322
2101,20091225,2.181327357478243
2102,20091228,0.8323097372948853
2103,20091229,1.3927060036003598
2104,20091230,2.485223158445222
2105,20091231,0.85681812427616
2106,20100104,0.8830424510460586
2107,20100105,0.969976279365539
2108,20100106,0.8450455487012483
2109,20100107,1.0983509361704156
2110,20100108,1.082187913968047
2111,20100111,0.7309831999011054
2112,20100112,0.7793293857544138
2113,20100113,0.8643423546089228
2114,20100114,1.7467761189041924
2115,20100115,1.6977226400470602
2116,20100118,0.9968311488817856
2117,20100119,1.1921295417426345
2118,20100120,1.3329114885631481
2119,20100121,0.6007277303203764
2120,20100122,2.240874339500045
2121,20100125,2.445687192504012
2122,20100126,2.255987086787129
2123,20100127,1.8049073783008085
2124,20100128,1.630388364664837
2125,20100129,3.2995847848128466
2126,20100201,2.5149637336941724
2127,20100202,1.2815522529457646
2128,20100203,1.6227361012049728
2129,20100204,2.293820222160434
2130,20100205,2.132287617139497
2131,20100208,1.4890329680744556
2132,20100209,1.9640485583908196
2133,20100210,1.9283065209424226
2134,20100211,1.4991425854959406
2135,20100212,1.2621107022166647
2136,20100222,1.485838971127916
2137,20100223,2.1294894597127754
2138,20100224,1.363725390949588
2139,20100225,1.1259389963782136
2140,20100226,1.8195444628599182
2141,20100301,0.9027220836902071
2142,20100302,2.074248808426824
2143,20100303,1.1930745243600034
2144,20100304,1.4554578310037234
2145,20100305,1.0845918147063176
2146,20100308,0.6992393210457993
2147,20100309,0.7007977601263675
2148,20100310,1.2419172518007717
2149,20100311,1.6608102622660008
2150,20100312,0.9617703755786239
2151,20100315,0.8605140628569173
2152,20100316,1.3892025736275513
2153,20100317,0.8972941332898268
2154,20100318,0.952914685710714
2155,20100319,0.8116681644976724
2156,20100322,1.215317812073739
2157,20100323,3.045768703925371
2158,20100324,1.5963825515406984
2159,20100325,1.4776455286664358
2160,20100326,1.158943411156193
2161,20100329,0.9020867916550511
2162,20100330,1.1201803038360842
2163,20100331,1.0493209261709733
2164,20100401,0.5997162138741592
2165,20100402,1.1134928837915294
2166,20100406,0.7968100015423035
2167,20100407,4.0066781623006555
2168,20100408,1.810624209332606
2169,20100409,1.220991338370563
2170,20100412,0.9545119596158947
2171,20100413,2.5868286761502137
2172,20100414,1.2903615143474236
2173,20100415,1.8680262561426284
2174,20100416,0.9631272906233616
2175,20100419,1.2242429237956696
2176,20100420,1.660059989293658
2177,20100421,2.0675784826539267
2178,20100422,0.976104808094103
2179,20100423,1.189104791145885
2180,20100426,2.2883955833622447
2181,20100427,1.4719424847182208
2182,20100428,2.289151059254421
2183,20100429,3.057181510699494
2184,20100430,1.4238803011276586
2185,20100504,3.269705058188798
2186,20100505,1.4360765596339997
2187,20100506,1.1061670544065696
2188,20100507,1.5747458598832178
2189,20100510,2.3538236551843976
2190,20100511,1.7535002351270734
2191,20100512,1.3902485495669135
2192,20100513,1.9196964428035632
2193,20100514,2.3122249042180254
2194,20100517,1.507768336811466
2195,20100518,1.450986510800067
2196,20100519,0.8950033101963369
2197,20100520,1.5379830380876274
2198,20100521,1.1539993785569624
2199,20100524,1.258580207932458
2200,20100525,1.6982175790743634
2201,20100526,1.5145061029212583
2202,20100527,0.7389700752770303
2203,20100528,1.5072405886837879
2204,20100531,1.639600523118312
2205,20100601,1.3309382207875071
2206,20100602,1.1686445224740138
2207,20100603,1.2152705089742264
2208,20100604,1.2316271932577172
2209,20100607,1.5357576057088047
2210,20100608,0.77814584752001
2211,20100609,0.39612786350382856
2212,20100610,1.1237686707279029
2213,20100611,1.9599953786671418
2214,20100617,2.849779059117487
2215,20100618,1.6942313674806002
2216,20100621,0.8785363970424889
2217,20100622,1.1111004611257387
2218,20100623,0.9246884043464852
2219,20100624,1.2260276229050495
2220,20100625,1.806754777849052
2221,20100629,1.3524148904554063
2222,20100630,1.1905138871866012
2223,20100701,1.7995560625427838
2224,20100702,1.4946195963149953
2225,20100705,1.3547693553448534
2226,20100706,1.241347402646428
2227,20100707,0.9875148341089692
2228,20100708,1.4379561786715223
2229,20100709,0.8675266919172823
2230,20100712,0.8208961951800302
2231,20100713,1.2537036100746268
2232,20100714,1.2845294701961967
2233,20100715,0.9800279099907849
2234,20100716,1.0224214607729725
2235,20100719,1.4284243436172666
2236,20100720,1.3529502717738477
2237,20100721,1.2632549130504902
2238,20100722,2.4827638981853837
2239,20100723,1.168122903786911
2240,20100726,2.0959377043974134
2241,20100727,1.3670866825538561
2242,20100728,0.7710013515388172
2243,20100729,0.9137180677266182
2244,20100730,1.0627500561601968
2245,20100802,2.899530705518681
2246,20100803,1.1621936109426132
2247,20100804,1.460515274906129
2248,20100805,1.710907102380081
2249,20100806,1.0276487690303764
2250,20100809,1.353776399601364
2251,20100810,0.8899263924324128
2252,20100811,1.152282932576379
2253,20100812,3.019311086419697
2254,20100813,1.8186308993219078
2255,20100816,1.346417035349715
2256,20100817,1.8009542782251577
2257,20100818,1.2680686098113427
2258,20100819,0.9144190216385328
2259,20100820,1.8198994364453487
2260,20100823,1.137418231531158
2261,20100824,1.4273110337024864
2262,20100825,0.9430783931529964
2263,20100826,1.0874311629876108
2264,20100827,0.9572343553097853
2265,20100830,1.1291832519715832
2266,20100831,1.3925846007672582
2267,20100901,1.5356722254790371
2268,20100902,2.8287978165383136
2269,20100903,0.9681435873330994
2270,20100906,2.619197717722107
2271,20100907,1.4856206332970574
2272,20100908,1.1686109597974585
2273,20100909,1.4407911590812807
2274,20100910,4.477912243422385
2275,20100913,2.2564302241234038
2276,20100914,1.2866819316392792
2277,20100915,3.7429981456994543
2278,20100916,1.7535538962642785
2279,20100917,1.534881858060602
2280,20100920,1.972523173605689
2281,20100921,1.4536298001551176
2282,20100927,2.2547768838088293
2283,20100928,0.9993797468419411
2284,20100929,1.0497610088452005
2285,20100930,0.8208475760122635
2286,20101008,0.878265372382305
2287,20101011,1.1525541145587201
2288,20101012,0.7229216329894689
2289,20101013,0.9394327423985948
2290,20101014,1.5240407781048588
2291,20101015,0.7317740022941043
2292,20101018,0.9032864348824526
2293,20101019,1.6833962613211415
2294,20101020,1.0490549607692123
2295,20101021,0.8987790828220752
2296,20101022,1.0512848641086017
2297,20101025,0.5194005542033094
2298,20101026,1.9927463990787042
2299,20101027,2.2081212603681037
2300,20101028,2.1544020335476777
2301,20101029,0.578641753260349
2302,20101101,0.9782470507260078
2303,20101102,0.6948754219600202
2304,20101103,0.497917074291594
2305,20101104,1.2386223226251931
2306,20101105,1.2900053055227194
2307,20101108,0.879072680718477
2308,20101109,1.3081027831916432
2309,20101110,2.5719044796619692
2310,20101111,1.0940283127238613
2311,20101112,1.3476818884284878
2312,20101115,0.946169368529355
2313,20101116,1.3125418954794998
2314,20101117,1.3597990776953988
2315,20101118,0.914608000524972
2316,20101119,0.9646286981354097
2317,20101122,2.484673298429666
2318,20101123,1.4502444877448128
2319,20101124,3.0598582578405358
2320,20101125,3.0883305921586652
2321,20101126,2.4274693316443257
2322,20101129,2.0264733247769784
2323,20101130,1.7414924445322335
2324,20101201,1.912129809047961
2325,20101202,2.7979113003018337
2326,20101203,1.8507793635550867
2327,20101206,1.735081035610645
2328,20101207,1.132416001034925
2329,20101208,1.5610492426426756
2330,20101209,1.586124587359961
2331,20101210,1.159908605018329
2332,20101213,1.7737404277864974
2333,20101214,1.055208521670883
2334,20101215,1.9433591635146732
2335,20101216,1.0302793365995833
2336,20101217,1.869669833027404
2337,20101220,2.096295043613281
2338,20101221,1.6668848308651019
2339,20101222,3.1549185961901283
2340,20101223,3.689054644204973
2341,20101224,1.8434576478753684
2342,20101227,1.9348092204786256
2343,20101228,1.9368818317669934
2344,20101229,3.0689817527655587
2345,20101231,1.8316959673238815
2346,20110104,4.241323152902083
2347,20110105,4.810894301831137
2348,20110106,3.0862177730602705
2349,20110107,1.963548097812806
2350,20110110,2.823323856626104
2351,20110111,1.3604740703151268
2352,20110112,2.1123459701200162
2353,20110113,1.9702892150400637
2354,20110114,2.1010480288487456
2355,20110117,0.970583386215265
2356,20110118,1.4706460956589065
2357,20110119,2.026609781203235
2358,20110120,2.36731573340129
2359,20110121,1.008626036119234
2360,20110124,2.6972160331076247
2361,20110125,1.474851426574859
2362,20110126,1.3192336471669732
2363,20110127,2.2912500264124716
2364,20110128,2.637626536691511
2365,20110131,1.369254814353324
2366,20110201,1.6932145844825253
2367,20110209,1.1734872203859934
2368,20110210,3.101111442595831
2369,20110211,3.482830250421462
2370,20110214,2.1675141266521987
2371,20110215,1.1975880225625453
2372,20110216,2.111571136932187
2373,20110217,1.400319585318492
2374,20110218,2.3629181237250916
2375,20110221,2.3440178921119776
2376,20110222,2.2042355359552013
2377,20110223,2.007985639708084
2378,20110224,2.2397306267055366
2379,20110225,1.532182723907566
2380,20110228,1.1033356355105353
2381,20110301,1.3651342527342407
2382,20110302,4.319451778569626
2383,20110303,1.2609173778252136
2384,20110304,2.250200789869315
2385,20110307,0.5892183578085877
2386,20110308,2.4386594907025483
2387,20110309,1.6908076281248876
2388,20110310,1.1455686194700947
2389,20110311,1.544477856465343
2390,20110314,1.6614094419701149
2391,20110315,1.1204882619017136
2392,20110316,0.7873154102860863
2393,20110317,1.021830067824276
2394,20110318,1.4272449946684418
2395,20110321,1.5663834117692885
2396,20110322,1.7117498268821323
2397,20110323,1.560909725161636
2398,20110324,1.5146319856205286
2399,20110325,0.7586821141540122
2400,20110328,1.1901978505824649
2401,20110329,1.2747292073295167
2402,20110330,0.9573557225305739
2403,20110331,1.6564054572635452
2404,20110401,1.2669096428908888
2405,20110406,0.8757628521958722
2406,20110407,1.371232311561884
2407,20110408,1.38128605345702
2408,20110411,0.6971882350712527
2409,20110412,0.7496204452023207
2410,20110413,1.6954480921132096
2411,20110414,0.6509006806353241
2412,20110415,1.4056763662572507
2413,20110418,0.6518764530303143
2414,20110419,0.9253410878323393
2415,20110420,2.266838036903175
2416,20110421,1.519172239938787
2417,20110422,0.9340762122235102
2418,20110425,1.453172888302833
2419,20110426,1.64683935309058
2420,20110427,1.3004528365000476
2421,20110428,1.421220269106631
2422,20110429,0.6375143568858594
2423,20110503,1.0439030986253925
2424,20110504,1.2658101798529628
2425,20110505,0.9487935356680711
2426,20110506,1.9417929101763807
2427,20110509,1.4040307281997917
2428,20110510,1.1863804350828633
2429,20110511,1.4061216117245043
2430,20110512,1.2802881709209106
2431,20110513,2.3332386031278047
2432,20110516,0.9222977642587179
2433,20110517,1.3138210633517857
2434,20110518,1.785533046397937
2435,20110519,0.9881845043490692
2436,20110520,1.2946472082240559
2437,20110523,1.1535368691741408
2438,20110524,0.9943018135038375
2439,20110525,1.3387594172732658
2440,20110526,1.985546015965372
2441,20110527,1.5790025574411366
2442,20110530,1.1326588980131773
2443,20110531,1.2071611895930214
2444,20110601,1.5311021731107435
2445,20110602,0.9580880256859889
2446,20110603,1.4078998272183443
2447,20110607,2.5062844417705485
2448,20110608,1.2039796981034734
2449,20110609,1.465951085666801
2450,20110610,1.432133117831002
2451,20110613,0.9757598840949394
2452,20110614,1.033885841418972
2453,20110615,1.5060035253082322
2454,20110616,1.317883707424504
2455,20110617,1.1046285361219288
2456,20110620,1.7183978031309608
2457,20110622,1.2311854014465184
2458,20110623,1.1129869352398887
2459,20110624,1.3227359414785367
2460,20110627,0.7015718761458372
2461,20110628,1.292711989179607
2462,20110629,1.5255320741242933
2463,20110630,0.7628921260073919
2464,20110701,0.6656982662911785
2465,20110704,1.0780391741128872
2466,20110705,0.957377865232208
2467,20110706,2.2627737611664864
2468,20110707,1.186323850076187
2469,20110708,0.8150736049540388
2470,20110711,1.0964626448100763
2471,20110712,1.3763674428796704
2472,20110713,0.7326256858045868
2473,20110714,1.8957841595123084
2474,20110715,1.8965981806254657
2475,20110718,2.2231018074079127
2476,20110719,2.0677029976898877
2477,20110720,1.228221964425264
2478,20110721,1.180596455298339
2479,20110722,1.3602258732047616
2480,20110725,1.5726633649152995
2481,20110726,1.0359355373254144
2482,20110727,2.9978128050236696
2483,20110728,3.69257030627028
2484,20110729,1.426972761037887
2485,20110801,1.5748619171945981
2486,20110802,2.2211588370590807
2487,20110803,1.3304309515412436
2488,20110804,1.19520712221138
2489,20110805,1.4974792557222618
2490,20110808,1.2508302112720042
2491,20110809,1.288175988488239
2492,20110810,1.2374847080512017
2493,20110811,1.7182919314144263
2494,20110812,1.596492069412303
2495,20110815,0.8112840659663932
2496,20110816,0.9350637088920006
2497,20110817,1.07972506793756
2498,20110818,0.9863641251891045
2499,20110819,0.9541696361462672
2500,20110822,0.8672109907790814
2501,20110823,0.8655939803992423
2502,20110824,0.8203216245242948
2503,20110825,0.6028629644992407
2504,20110826,0.7849520682952031
2505,20110829,0.7958184510109423
2506,20110830,0.9819748748694319
2507,20110831,0.7924957650971174
2508,20110901,0.8680047145698281
2509,20110902,0.9681560739758457
2510,20110905,1.4163171971728687
2511,20110906,0.7868832391621344
2512,20110907,0.6905083153199717
2513,20110908,3.0430056711860076
2514,20110909,1.1363080127144132
2515,20110913,1.1173541792068251
2516,20110914,0.8438966240474258
2517,20110915,0.5493364504343715
2518,20110916,1.0935632927873338
2519,20110919,1.3864589592691356
2520,20110920,0.6615108846466878
2521,20110921,1.22384733567263
2522,20110922,0.8368849002086115
2523,20110923,1.4042099334030285
2524,20110926,1.0677883381384565
2525,20110927,0.8031651326670061
2526,20110928,0.8203879515001726
2527,20110929,1.6137255179264753
2528,20110930,1.4409451522612897
2529,20111010,2.1787923005000405
2530,20111011,1.4758269852688406
2531,20111012,1.1866429567606889
2532,20111013,0.7408821346532704
2533,20111014,0.7811245720930057
2534,20111017,1.332226068794035
2535,20111018,1.4604435833566252
2536,20111019,1.1460494336206029
2537,20111020,1.6705989355830335
2538,20111021,1.0177513929824908
2539,20111024,1.0069843588075444
2540,20111025,1.4007083737666643
2541,20111026,2.1529036170441387
2542,20111027,1.5399007004947083
2543,20111028,1.1678371944827843
2544,20111031,1.3090025000905627
2545,20111101,1.571420808483986
2546,20111102,1.2669964374837677
2547,20111103,1.5690715705032332
2548,20111104,1.1327176079147245
2549,20120328,2.950429575440522
2550,20120329,4.155581868553467
2551,20120330,4.02416240949717
2552,20120405,2.3118021487213003
2553,20120406,2.175399827695801
2554,20120409,2.094360768164515
2555,20120410,1.3775071687809852
2556,20120411,0.8272180484860678
2557,20120413,1.3839258090290159
2558,20120416,0.944759797639438
2559,20120417,2.832795828746178
2560,20120418,1.381032917736711
2561,20120419,1.2154811794620086
2562,20120420,1.354730468225765
2563,20120423,2.118097470521687
2564,20120424,1.2289725107059686
2565,20120425,1.078327442821897
2566,20120426,0.894864943248976
2567,20120427,1.1797323370699309
2568,20120502,0.7985107151005344
2569,20120503,4.876590317313516
2570,20120504,3.0550540568509343
2571,20120507,4.588974958865328
2572,20120508,2.9936813692796935
2573,20120509,2.5419977390421247
2574,20120510,4.685768473313117
2575,20120511,4.709885430610538
2576,20120514,0.0
2577,20120515,7.126664025573346
2578,20120516,5.629094692776901
2579,20120517,2.0110121012607154
2580,20120518,3.0794822161079294
2581,20120521,3.2378559495310837
2582,20120522,5.796435494685875
2583,20120523,5.351207234030629
2584,20120524,3.2223532682768985
2585,20120525,1.838918665736944
2586,20120528,1.4060637802549296
2587,20120529,2.011820322520631
2588,20120530,2.9177449826576103
2589,20120531,1.8683718143589065
2590,20120601,1.4598405711686506
2591,20120604,2.6173544296266016
2592,20120605,3.3226675672092036
2593,20120606,2.9153613644272145
2594,20120607,0.9992318007717432
2595,20120608,2.038761607740117
2596,20120611,2.4788073763045264
2597,20120612,1.8588014441735383
2598,20120613,1.6504727581824037
2599,20120614,1.5484153734186967
2600,20120615,1.226344001906516
2601,20120618,3.7868110807594024
2602,20120619,6.026756076135337
2603,20120620,3.683445069839034
2604,20120621,2.0785207055343125
2605,20120625,2.4563748294614034
2606,20120626,1.8453374411236465
2607,20120627,1.797093640606803
2608,20120628,2.637071915983776
2609,20120629,1.1565731717696612
2610,20120702,1.8651002821153815
2611,20120703,0.9874341765396242
2612,20120704,4.077013543775856
2613,20120705,2.579277648066238
2614,20120706,2.5786703779185123
2615,20120709,2.973660903630271
2616,20120710,1.2851207311365769
2617,20120711,4.2476132742382005
2618,20120712,2.3305252710664295
2619,20120713,4.686154818867203
2620,20120716,3.5061098178566414
2621,20120717,3.9129336832369104
2622,20120718,2.9714106303801864
2623,20120719,1.2716369727291172
2624,20120720,2.902861354010342
2625,20120723,1.2984508798714658
2626,20120724,2.9430736355760305
2627,20120725,2.0481927997983895
2628,20120726,3.2477960158324146
2629,20120727,2.7615775690092383
2630,20120730,2.632078226671758
2631,20120731,1.3969405701569284
2632,20120801,2.6562289526225573
2633,20120802,2.584506741566929
2634,20120803,1.607192731388711
2635,20120806,1.4061294028341962
2636,20120807,2.0310215506470426
2637,20120808,2.7619968130217374
2638,20120809,1.8653905458072475
2639,20120810,2.84914337039823
2640,20120813,3.1107311676790235
2641,20120814,2.298695739189464
2642,20120815,2.041253136525728
2643,20120816,3.999988450456
2644,20120817,2.7648609775347794
2645,20120820,1.1315597100321757
2646,20120821,1.3118814333288897
2647,20120822,1.8446020646716745
2648,20120823,2.4713282319761625
2649,20120824,2.0569012190783855
2650,20120827,1.6317231080114556
2651,20120828,2.39667997025769
2652,20120829,1.6055706205161124
2653,20120830,3.3341420809964712
2654,20120831,2.169540819933565
2655,20120903,2.2167419369638393
2656,20120904,1.1470568358671862
2657,20120905,1.2101977280088916
2658,20120906,1.1209272271403363
2659,20120907,1.0124467937550887
2660,20120910,1.2861061236557978
2661,20120911,0.9945280180309048
2662,20120912,1.339236862251809
2663,20120913,2.8069566154680943
2664,20120914,1.2710450057605465
2665,20120917,1.596930944150425
2666,20120918,2.784022334831964
2667,20120919,1.6640887720776503
2668,20120920,2.0475430761026305
2669,20120921,2.3741138251858733
2670,20120924,1.2518766592936474
2671,20120925,1.6148238612112142
2672,20120926,2.892025984799354
2673,20120927,1.2017621108518757
2674,20120928,1.054146648682556
2675,20121008,1.0295518993187283
2676,20121009,3.5414721365587307
2677,20121010,3.3381242164951224
2678,20121011,1.5800784619967525
2679,20121012,1.6105987851815042
2680,20121015,1.4328611095110164
2681,20121016,1.8114703515838422
2682,20121017,2.2206853182442927
2683,20121018,0.9700198501029281
2684,20121019,1.2408609312128376
2685,20121022,0.6626472943120075
2686,20121023,2.3316053678539985
2687,20121024,1.4835355057691695
2688,20121025,1.4584649406412133
2689,20121026,1.6908712169268703
2690,20121029,1.366695804344799
2691,20121030,2.060871191835532
2692,20121031,1.1872950235614013
2693,20121101,1.4383035168416756
2694,20121102,0.930871659385651
2695,20121105,1.4527299489361445
2696,20121106,1.4421010797901999
2697,20121107,0.8322922113554618
2698,20121108,1.3657447833380643
2699,20121109,1.6924761319668884
2700,20121112,1.7847163182281673
2701,20121113,1.4253264173038394
2702,20121114,1.6054390265751954
2703,20121115,2.4197143295450796
2704,20121116,1.5906137308688972
2705,20121119,2.2835403080197882
2706,20121120,0.8776322063193119
2707,20121121,1.9094986353776018
2708,20121122,1.8790841376961676
2709,20121203,3.4478370109369347
2710,20121204,3.4729687647306604
2711,20121205,1.4871322256054809
2712,20121206,1.3004268100332437
2713,20121207,1.1262635633310394
2714,20121210,4.0786173901751
2715,20121211,2.192028093107204
2716,20121212,2.1802010149298297
2717,20121213,4.267079532400484
2718,20121214,0.9470472392019064
2719,20121217,1.0999645300025254
2720,20121218,1.214621104401145
2721,20121219,1.4640277605880612
2722,20121220,1.2197682847082436
2723,20121221,2.5008116106036242
2724,20121224,1.3576378435680763
2725,20121225,0.8736626054940042
2726,20121226,1.055294229497981
2727,20121227,1.3608098736910987
2728,20121228,0.8490915241665734
2729,20121231,0.806925280395058
2730,20130104,0.966017726216867
2731,20130107,3.3235427688015404
2732,20130108,1.774754539295936
2733,20130109,1.6169465124937623
2734,20130110,1.3693932935320068
2735,20130111,1.1853643785468782
2736,20130114,1.5242803897602806
2737,20130115,1.89816735631003
2738,20130116,1.2048431607953471
2739,20130117,1.531940282467086
2740,20130118,0.9673317461806357
2741,20130121,1.2509095853701582
2742,20130122,1.0941123136802684
2743,20130123,0.6870700503429201
2744,20130124,0.998743488615048
2745,20130125,3.347783809778694
2746,20130128,1.116811661820794
2747,20130129,3.208466814003609
2748,20130130,1.1714252105757907
2749,20130131,0.9140544797329104
2750,20130201,1.5703180380353716
2751,20130204,1.5269561835419092
2752,20130205,2.0909684752082343
2753,20130206,3.8765098106550946
2754,20130207,1.30334341076874
2755,20130208,1.992824781096421
2756,20130218,2.3241797135418376
2757,20130219,2.5929594807656584
2758,20130220,2.6656003077045387
2759,20130221,1.3693750150219135
2760,20130222,1.3938815449460762
2761,20130225,1.2197745086072127
2762,20130226,1.392313064231254
2763,20130227,1.82695032937454
2764,20130228,1.7551514378007256
2765,20130301,1.554182099518416
2766,20130304,0.8845433000892199
2767,20130305,1.280323108837114
2768,20130306,1.5852982814374188
2769,20130307,2.3430947327656115
2770,20130308,2.1440406965463867
2771,20130311,2.1366220742567203
2772,20130312,1.5616060617762688
2773,20130313,1.697083191651877
2774,20130314,1.6712385648496486
2775,20130315,1.5726569574598253
2776,20130319,2.035101932939249
2777,20130320,1.5649340057189833
2778,20130321,1.1243518773031997
2779,20130322,4.322605786191551
2780,20130325,4.05369441302098
2781,20130326,2.481168344079483
2782,20130327,1.6043431451765795
2783,20130328,1.0667594937758669
2784,20130329,5.30638347775747
2785,20130401,1.6874084914197665
2786,20130402,2.6666431127027486
2787,20130403,3.355507309358905
2788,20130408,2.1415235136777038
2789,20130409,2.5525779566417635
2790,20130410,2.331485475210481
2791,20130411,1.9745193412813908
2792,20130412,1.8892509893123612
2793,20130415,1.0758367778174207
2794,20130416,0.9287440009056191
2795,20130417,3.9811275693606496
2796,20130418,1.123970024843495
2797,20130419,1.4062023665371821
2798,20130422,1.2360657965094664
2799,20130423,1.2175961125702572
2800,20130424,2.8982091044724907
2801,20130425,2.565600462513443
2802,20130426,2.225514153633151
2803,20130502,3.67878451523625
2804,20130503,2.7449379732413286
2805,20130506,2.851741331438936
2806,20130507,1.7115117971967242
2807,20130508,1.054153371461099
2808,20130509,1.156662673998127
2809,20130510,2.390051512857676
2810,20130513,1.4830329960388968
2811,20130514,1.5486319077929016
2812,20130515,1.8032027347121833
2813,20130516,1.8619775310288151
2814,20130517,1.1952834362407976
2815,20130520,2.5546282771125717
2816,20130521,1.5300689353395724
2817,20130522,2.9772295791492347
2818,20130523,1.7244360077306355
2819,20130524,1.5791912171701894
2820,20130527,2.481260260286709
2821,20130528,1.0853019745655101
2822,20130529,1.6876675050203898
2823,20130530,1.233088324639239
2824,20130531,1.8368332559391762
2825,20130603,2.040984416158527
2826,20130604,0.845616058454508
2827,20130605,4.03384365473808
2828,20130606,1.319067397680008
2829,20130607,2.6055902484423195
2830,20130613,1.483749429949391
2831,20130614,1.8725569299241327
2832,20130617,2.0643268800884065
2833,20130618,1.3967869979704983
2834,20130619,1.0314833034690132
2835,20130620,1.8106519333404394
2836,20130621,1.6670679768646202
2837,20130624,1.1050171203294807
2838,20130625,1.3246290018036093
2839,20130626,1.3241253920094562
2840,20130627,1.8522254510530733
2841,20130628,0.6431817140679063
2842,20130701,1.2449490813511028
2843,20130702,1.359848553863335
2844,20130703,0.8731136647068329
2845,20130704,1.267009571324356
2846,20130705,0.9037064062728483
2847,20130708,1.111364957340608
2848,20130709,0.8573953538969873
2849,20130710,0.7334471133063909
2850,20130711,0.582949778320865
2851,20130712,0.9361334387705437
2852,20130715,1.2406721527633078
2853,20130716,0.8157322405101476
2854,20130717,1.374788380049785
2855,20130718,1.0866610679104618
2856,20130719,0.8545012302581161
2857,20130722,0.9431093405049685
2858,20130723,0.6622943077867414
2859,20130724,2.2969648515051024
2860,20130725,1.466736507570924
2861,20130726,1.4596392252760004
2862,20130729,1.137525937512051
2863,20130730,1.7020103098270412
2864,20130731,1.2926783421389976
2865,20130801,0.9165742082043263
2866,20130802,0.992258326526718
2867,20130805,0.8111599552092399
2868,20130806,1.6013315862560609
2869,20130807,1.1365076505080929
2870,20130808,0.9446923729980876
2871,20130809,1.2637090859868605
2872,20130812,0.7632939084874073
2873,20130813,1.1352603963400245
2874,20130814,1.363665092171929
2875,20130815,0.6777768120809978
2876,20130816,0.5746398038724019
2877,20130819,0.7254283984101296
2878,20130820,1.1988904282100856
2879,20130821,1.4421675613435407
2880,20130822,0.8151759023919569
2881,20130823,0.8629859276449602
2882,20130826,1.117685936330865
2883,20130827,0.8984011944216861
2884,20130828,0.9984827830818215
2885,20130829,1.6230397696192032
2886,20130830,2.150896106811598
2887,20130902,0.8712305302075993
2888,20130903,1.374149119500657
2889,20130904,1.1436640811149932
2890,20130905,0.9102905289943485
2891,20130906,0.7731930870231264
2892,20130909,0.5663126442688996
2893,20130910,0.6928121699296963
2894,20130911,0.9183645689777177
2895,20130912,0.6047330533067876
2896,20130913,0.6788976924114898
2897,20130916,1.2945454453660108
2898,20130917,1.3280013783156985
2899,20130918,1.5355085706801472
2900,20130923,2.233409826471221
2901,20130924,0.6568397765439743
2902,20130925,1.5202965351691895
2903,20130926,2.5847730681088845
2904,20130927,1.6707030505813718
2905,20130930,1.3068710493338584
2906,20131008,1.0319787444070645
2907,20131009,0.8185814010210716
2908,20131010,1.4776597434265657
2909,20131011,1.5438712188305137
2910,20131014,1.3070163411361673
2911,20131015,1.2561942847524417
2912,20131016,0.8116607546545057
2913,20131017,1.3856803253876546
2914,20131018,0.8463890874979225
2915,20131021,0.9878805270176825
2916,20131022,1.0664326565513513
2917,20131023,1.5866580269613653
2918,20131024,1.7385762520399746
2919,20131025,1.0519920102809475
2920,20131028,0.7620914253131685
2921,20131029,1.3298415922139402
2922,20131030,0.9381761387387394
2923,20131031,1.1437415913663591
2924,20131101,2.3486006621114983
2925,20131104,1.1351332320291625
2926,20131105,1.36650158391899
2927,20131106,0.8838898664769275
2928,20131107,3.4722895572006833
2929,20131108,1.7779122110831265
2930,20131111,1.3679491062172964
2931,20131112,3.2753419243606468
2932,20131113,0.752175401216908
2933,20131114,1.9880892208654208
2934,20131115,0.7677583234782621
2935,20131118,0.6087518830980913
2936,20131119,1.9103376796858085
2937,20131120,1.358676656981497
2938,20131121,0.5670407205851696
2939,20131122,1.1517538945723103
2940,20131125,0.5350342239761751
2941,20131126,2.452566072670653
2942,20131127,1.0476951906575929
2943,20131128,2.3140680824009245
2944,20131129,1.9048665248676069
2945,20131202,1.1540312837270932
2946,20131203,1.5240729275127256
2947,20131204,1.1967771749521443
2948,20131205,2.449287346523812
2949,20131206,2.851917019986316
2950,20131216,3.3270381980611634
2951,20131217,1.9463736036461319
2952,20131218,2.4762984520647238
2953,20131219,1.1160424571434113
2954,20131220,0.8449197713120862
2955,20131223,1.0995926105044735
2956,20131224,3.5494918242576836
2957,20131225,1.2445870721421843
2958,20131226,1.3173705216778313
2959,20131227,0.804781348014249
2960,20131230,1.24585206582878
2961,20131231,1.5799927597782741
2962,20140102,2.056437907362654
2963,20140103,0.865629504375458
2964,20140106,1.2276135899623246
2965,20140107,1.69106884682072
2966,20140108,0.9114355532160678
2967,20140109,0.9375788537934808
2968,20140110,0.8505930227587716
2969,20140113,1.2730280510221406
2970,20140114,1.008876682663271
2971,20140115,0.7491829958982958
2972,20140116,0.6928261503060049
2973,20140117,0.7638829194965296
2974,20140120,1.7394403787528567
2975,20140121,0.7695113746562491
2976,20140122,1.6091576004908261
2977,20140123,0.9269665827675703
2978,20140124,0.64057542230731
2979,20140127,0.8372410704930364
2980,20140128,2.320809382050901
2981,20140129,0.9855200340302219
2982,20140130,1.434598958184629
2983,20140207,1.0854648407507446
2984,20140210,2.0637667426262936
2985,20140211,1.5096626598147949
2986,20140212,1.4966121022350545
2987,20140213,1.0844105554014305
2988,20140214,0.8167338585723125
2989,20140217,1.0630826812245724
2990,20140218,0.9062007539986825
2991,20140219,1.2965915938417711
2992,20140220,0.8856328015991898
2993,20140221,0.8641146623570861
2994,20140224,1.2441075204220813
2995,20140225,1.0918835765977821
2996,20140226,0.8623782574468457
2997,20140227,0.9636257213750438
2998,20140228,0.91700526754209
2999,20140303,1.0444384107339668
3000,20140304,2.921459218769624
3001,20140306,2.3645257416584027
3002,20140307,1.4372582453802278
3003,20140310,1.0376463819750974
3004,20140311,0.9567411683123297
3005,20140312,0.8752670372488459
3006,20140313,1.0792722592687147
3007,20140314,1.576200107489559
3008,20140317,0.9423708149407876
3009,20140318,1.7116993387891706
3010,20140319,0.7144042537014813
3011,20140320,1.2755377496051727
3012,20140321,0.7111975604599072
3013,20140324,0.9900772829157198
3014,20140325,0.3977310583686144
3015,20140326,0.8261368757448464
3016,20140327,1.4781315608761356
3017,20140328,1.0710119263648574
3018,20140331,0.652639246610887
3019,20140401,1.1419640638753665
3020,20140402,0.9491096971086634
3021,20140403,0.44001846458573624
3022,20140404,0.9048334920503961
3023,20140408,0.8800846890803024
3024,20140409,1.0893809858928434
3025,20140410,0.564885141085868
3026,20140411,0.903658532880821
3027,20140414,0.7878703694785707
3028,20140415,1.0272325060772418
3029,20140416,0.8391578099287349
3030,20140417,0.6995512794969434
3031,20140418,0.7248516592770913
3032,20140421,0.632891523186903
3033,20140422,0.5222076440577066
3034,20140423,0.5557966719571095
3035,20140424,1.5460618232343297
3036,20140425,1.252392920623392
3037,20140428,1.2101520151862568
3038,20140429,1.213278899328819
3039,20140430,3.6777197759980806
3040,20140505,1.076407959874157
3041,20140506,1.0554169505655007
3042,20140507,1.0572092601568188
3043,20140508,0.9879522590826689
3044,20140509,1.0913751859296756
3045,20140512,0.8092746304899381
3046,20140513,0.973849354980269
3047,20140514,1.1876338915136784
3048,20140515,1.185327474073889
3049,20140516,1.7248670478875228
3050,20140519,1.7750720978124603
3051,20140520,1.1341036098748842
3052,20140521,1.1175619883370527
3053,20140522,0.9462118865441085
3054,20140523,0.6026157299992513
3055,20140526,1.968155672132418
3056,20140527,1.6370065802083973
3057,20140528,0.8362422400462954
3058,20140529,1.4090349353087772
3059,20140530,2.6612288714259065
3060,20140603,1.751247605157673
3061,20140604,1.9331837163618961
3062,20140605,1.2843320979541777
3063,20140606,1.1940114098564971
3064,20140609,2.6008715527279835
3065,20140610,0.9409715088237369
3066,20140611,1.9028987829779886
3067,20140612,2.208584259936032
3068,20140613,1.0155999592615934
3069,20140616,0.9048187636536543
3070,20140617,1.3083935449129243
3071,20140618,0.7969955538285911
3072,20140619,1.1470855719905977
3073,20140620,0.7942621319956583
3074,20140623,0.8438593734224957
3075,20140624,1.1087444513445155
3076,20140625,2.103807989593822
3077,20140626,1.0156198508239682
3078,20140627,0.8795191018615953
3079,20140630,0.7403419834319372
3080,20140701,1.0993197858256052
3081,20140702,0.9313702042287151
3082,20140703,0.8678031073083947
3083,20140704,1.2179470059044706
3084,20140707,1.5002340901709577
3085,20140708,2.8058059454305333
3086,20140709,0.790001361383279
3087,20140710,0.5197950076219282
3088,20140711,0.9965340671851223
3089,20140714,0.8232874451652493
3090,20140715,0.8104368931613436
3091,20140716,0.8533534881391056
3092,20140717,1.4519688701979518
3093,20140718,0.46344196303313334
3094,20140721,0.6756671555298442
3095,20140722,0.6442790685403504
3096,20140723,0.7170692747685751
3097,20140724,0.4491476561429138
3098,20140725,0.514676810701084
3099,20140728,1.319514360027467
3100,20140729,0.8552016734745421
3101,20140730,1.5551745459151105
3102,20140731,1.9276116642919034
3103,20140801,2.4467944532529735
3104,20140804,1.0972799028521607
3105,20140805,1.3896278644893731
3106,20140806,0.9069295302511253
3107,20140807,0.8887666226720998
3108,20140808,0.6844837477530751
3109,20140811,0.3451777471310446
3110,20140812,1.4075525484742675
3111,20140813,1.0223959264694262
3112,20140814,0.7765025548600656
3113,20140815,0.6913096661894085
3114,20140818,0.5245093715648023
3115,20140819,0.44500515687355513
3116,20140820,0.37062251447395717
3117,20140821,0.8054385422501615
3118,20140822,4.1176756776528
3119,20140825,1.2709009652311187
3120,20140826,1.1242167005430648
3121,20140827,0.9059432480732726
3122,20140828,0.9850923944579817
3123,20140829,0.9682132971607038
3124,20140901,0.9550144307406635
3125,20140902,0.8906022874283105
3126,20140903,1.728609966659788
3127,20140904,0.8600302317935682
3128,20140905,0.9160794716441666
3129,20140909,1.4087135627914773
3130,20140910,0.6438035942519215
3131,20140911,0.8364628394564259
3132,20140912,0.811226002052961
3133,20140915,0.6377584554739829
3134,20140916,0.645302706550669
3135,20140917,1.7719971620651889
3136,20140918,0.5905753440196997
3137,20140919,0.9830769928025591
3138,20140922,0.8733606406763538
3139,20140923,1.0575995554287996
3140,20140924,0.7017247548617602
3141,20140925,0.7132239547859873
3142,20140926,0.767104794309107
3143,20140929,0.7912564204845128
3144,20140930,1.3987169184730854
3145,20141008,1.3129813816519442
3146,20141009,1.1424733637237845
3147,20141010,0.8216593010528989
3148,20141013,0.5550416040918729
3149,20141014,0.8053138424732199
3150,20141015,1.521020399377683
3151,20141016,1.293036130160416
3152,20141017,1.1286822408851411
3153,20141020,1.0879885065717836
3154,20141021,0.9322193038984761
3155,20141022,1.2879291536552102
3156,20141023,0.853208869159639
3157,20141024,0.9534603598321565
3158,20141027,0.6739121777172683
3159,20141028,0.518509943722513
3160,20141029,0.9287076789804894
3161,20141030,0.6913387837059022
3162,20141031,0.6465062732257894
3163,20141103,0.5142717212856697
3164,20141104,0.8726964836677227
3165,20141105,0.7893857730621061
3166,20141106,0.43962111138450205
3167,20141107,0.31958899371411487
3168,20141110,0.5993312176380666
3169,20141111,0.843239990347022
3170,20141112,0.6378177202155022
3171,20141113,0.5470764096514981
3172,20141114,0.7095623154777712
3173,20141117,0.3670116681585306
3174,20141118,0.6703061486083123
3175,20141119,0.9391008009013952
3176,20141120,0.6651371738019047
3177,20141121,0.29185582282196887
3178,20141124,0.3942893875956482
3179,20141125,0.4961079861789596
3180,20141126,0.5268234218673457
3181,20141127,0.5137102816141327
3182,20141128,0.4134879977271034
3183,20141201,0.46315481696864247
3184,20141202,0.36957959274097146
3185,20141203,0.49942870603325695
3186,20150113,0.0
3187,20150114,1.8359445046608411
3188,20150115,1.191437796916246
3189,20150116,1.6347949633278758
3190,20150119,1.5882946378233365
3191,20150120,0.8866612131819629
3192,20150121,0.3632229343459137
3193,20150122,0.6781367001037062
3194,20150123,0.6901874600605662
3195,20150126,0.5616067965701657
3196,20150127,0.7569233530962634
3197,20150128,0.9684963744750916
3198,20150129,0.6878899916134429
3199,20150130,0.5457686415321892
3200,20150202,0.5013504581451398
3201,20150203,0.86920211648178
3202,20150204,0.9414344328578543
3203,20150205,0.7435706426419522
3204,20150206,0.9558434947075051
3205,20150209,0.6167636493103719
3206,20150210,1.4558327361175234
3207,20150211,0.8448549972494062
3208,20150212,0.5049438597947964
3209,20150213,0.8251911500343835
3210,20150216,0.5560755954369193
3211,20150217,0.5668184240456853
3212,20150225,1.3341843608855755
3213,20150226,0.4355741148978363
3214,20150227,0.6480844453771146
3215,20150302,0.6065416760471668
3216,20150303,0.5009173958531695
3217,20150304,0.5846754296892915
3218,20150305,0.7266468839014363
3219,20150306,0.9602779974845994
3220,20150309,0.4815107553983488
3221,20150310,0.87125523563614
3222,20150311,0.5799935053864665
3223,20150312,0.47733555955743123
3224,20150313,0.4293463071129259
3225,20150318,0.8501162887612964
3226,20150319,0.4951512994745322
3227,20150320,0.47331723316611074
3228,20150323,0.47574104246313176
3229,20150324,0.5743258624923903
3230,20150325,1.9117413334180637
3231,20150326,0.9909870104589596
3232,20150327,1.2590316185769985
3233,20150330,0.6702395406398491
3234,20150331,0.7592182423740395
3235,20150401,0.8457049312510279
3236,20150402,0.6192236147181029
3237,20150403,0.8329724409492533
3238,20150407,0.9466319650079565
3239,20150408,0.7026918449982943
3240,20150409,0.8851379834979813
3241,20150410,0.8369530081583185
3242,20150413,1.1050629424698306
3243,20150414,0.6605646108669969
3244,20150415,0.8846851700257056
3245,20150416,1.1791237730159676
3246,20150417,1.8106880206589357
3247,20150420,0.8510082732570659
3248,20150421,1.2565120158389937
3249,20150422,0.5674890133424156
3250,20150423,0.6292048775828069
3251,20150424,0.6574218528066651
3252,20150427,0.7328422183922695
3253,20150428,1.0449737156850565
3254,20150429,0.4730273331398619
3255,20150430,0.6156797185359754
3256,20150504,0.3989771512555704
3257,20150505,0.6053574621834362
3258,20150506,0.6428044816107048
3259,20150507,1.7212949297623374
3260,20150508,0.5898818378887168
3261,20150511,1.18885336951753
3262,20150512,0.44062898551423857
3263,20150513,0.43491254950437347
3264,20150514,0.7788081385248399
3265,20150515,0.6290469052959425
3266,20150518,0.7648755485644976
3267,20150519,0.8368265588812894
3268,20150520,0.8235994975920521
3269,20150521,1.2028187407522342
3270,20150522,0.5904528988717989
3271,20150525,1.1046479310415553
3272,20150526,0.48244542968496
3273,20150527,0.5104132930375433
3274,20150528,0.6883764182174453
3275,20150529,1.5727507778958998
3276,20150601,1.0570588089453323
3277,20150602,0.9495557974871796
3278,20150603,1.7125743537291334
3279,20150604,0.9938576945842098
3280,20150605,1.14320739063734
3281,20150608,0.422872719198721
3282,20150609,0.702439409989187
3283,20150610,1.2039327558109294
3284,20150611,1.4014172592634324
3285,20150612,0.5653971194104046
3286,20150615,1.1161339226264766
3287,20150616,0.6339549260182981
3288,20150617,0.8044125621940452
3289,20150618,0.7903719674198569
3290,20150619,1.308482896456105
3291,20150623,0.8015394409143813
3292,20150624,0.5884672042129164
3293,20150625,0.9057302051176263
3294,20150626,0.8803081010753964
3295,20150629,1.0711057116811051
3296,20150630,1.1995475049802649
3297,20150701,1.032382543133269
3298,20150702,1.1974026982303405
3299,20150703,1.0802568583108367
3300,20150706,1.1744934375467404
3301,20150707,1.004030907039907
3302,20150708,0.18961472122711323
3303,20150709,1.1745099311221432
3304,20150710,0.5441267537004736
3305,20150713,1.4762357099190502
3306,20150714,1.1037176886510291
3307,20150715,0.9549595885844463
3308,20150716,0.982006736876766
3309,20150717,1.2224265205954998
3310,20150720,0.993496462841513
3311,20150721,0.7829504782316488
3312,20150722,0.7286229665841086
3313,20150723,1.052494729906034
3314,20150724,1.0206912323640458
3315,20150727,0.8798577298693261
3316,20150728,0.8423453527623395
3317,20150729,0.9876817334021298
3318,20150730,0.7409183725545538
3319,20150731,0.8160871455538604
3320,20150803,0.8247534496330985
3321,20150804,0.8112589100496485
3322,20150805,1.4969418835014132
3323,20150806,0.6249278484866171
3324,20150807,1.0264508993180108
3325,20150810,0.9805658982877713
3326,20150811,0.7398140613487401
3327,20150812,0.8356346532078222
3328,20150813,0.6478444793825998
3329,20150814,0.7211936321133386
3330,20150817,0.0
3331,20150818,1.0980153194364295
3332,20150819,1.9821888662327252
3333,20150820,1.5682091298737049
3334,20150821,1.6621008316693004
3335,20150824,0.6035686477233119
3336,20150825,0.6846834355830387
3337,20150826,1.1682217379728919
3338,20150827,0.6728984074297691
3339,20150828,1.090382698600796
3340,20150831,0.839119482404445
3341,20150901,0.7932566374716093
3342,20150902,0.7280506818441742
3343,20150907,0.9182459983475536
3344,20150908,0.9012586726341109
3345,20150909,0.8911465086256717
3346,20150910,1.0939285161860657
3347,20150911,0.9607570226396817
3348,20150914,0.8101372953167645
3349,20150915,1.2016581622399545
3350,20150916,1.1258812278749823
3351,20150917,0.9260328652738696
3352,20150918,0.9176598364498303
3353,20150921,0.7709359551693429
3354,20150922,0.7440736317541768
3355,20150923,0.7428483960555078
3356,20150924,0.8053084106050286
3357,20150925,0.8676608880655222
3358,20150928,0.576338605727541
3359,20150929,0.8859812295137471
3360,20150930,0.7061350983296732
3361,20151008,0.0886370781720781
3362,20151009,1.0956599155044058
3363,20151012,0.9011657716658024
3364,20151013,0.4269421471366626
3365,20151014,0.6195946796696685
3366,20151015,0.8019888652100472
3367,20151016,0.7106938822822704
3368,20151019,0.9063108920832457
3369,20151020,0.7712105958055757
3370,20151021,0.884971375337919
3371,20151022,1.1634498373008626
3372,20151023,1.1749881538211853
3373,20151026,1.0017097942963278
3374,20151027,0.9327735179387805
3375,20151028,1.0457257366382628
3376,20151029,0.7631778868470714
3377,20151030,0.9916249238379203
3378,20151102,0.923249797594336
3379,20151103,0.7580745614420746
3380,20151104,0.7132000736949219
3381,20151105,0.4886593046069918
3382,20151106,0.3405064915995289
3383,20151109,0.7153527962257993
3384,20151110,1.084109789762032
3385,20151111,0.5947588504819337
3386,20151112,0.8087982764516863
3387,20151113,0.6268109269420595
3388,20151116,1.292762379099772
3389,20151117,0.928165745808175
3390,20151118,0.8434089143409143
3391,20151119,0.556869921429449
3392,20151120,0.4914164948828123
3393,20151123,0.4358398289153916
3394,20151124,0.6064052161261078
3395,20151125,0.6255943190494407
3396,20151126,0.5014346987965249
3397,20151127,0.8698796085513089
3398,20151130,0.9457743749410118
3399,20151202,0.7874187294800198
3400,20151203,0.3928380147592038
3401,20151204,0.585539919873224
3402,20151207,1.182535626877577
3403,20151208,1.2104262413832785
3404,20151209,1.418682231470119
3405,20151210,0.5840956486005073
3406,20151211,0.7894011523493276
3407,20151214,0.4952477445750685
3408,20151215,0.7916033438591722
3409,20151216,1.0875769785895657
3410,20151217,0.49832093460951327
3411,20151218,0.4238490743116599
3412,20151221,2.4231385611178675
3413,20151222,2.314326566999801
3414,20151223,1.554150218492168
3415,20151224,1.1835344897322884
3416,20151225,0.6949701148001884
3417,20151228,1.171921505083451
3418,20151229,0.7734994142707214
3419,20151230,0.5679425028184776
3420,20151231,0.807020838469903
3421,20160104,1.1638561842640096
3422,20160105,0.8224535346552001
3423,20160106,0.5399382851692291
3424,20160107,1.0466431451038838
3425,20160108,0.6421427025920314
3426,20160111,1.4519067312200507
3427,20160112,0.6364935014504475
3428,20160113,0.8838901900083512
3429,20160114,0.8959414960995945
3430,20160115,1.0676382744177535
3431,20160118,0.782819935486824
3432,20160119,0.983310999418751
3433,20160120,0.9357022923371937
3434,20160121,1.0075702372398958
3435,20160122,0.8349198031631755
3436,20160125,0.7811668371601376
3437,20160126,0.8274967683568513
3438,20160127,0.9538782943626295
3439,20160128,0.6032283397551101
3440,20160129,0.8732234222130705
3441,20160201,0.34946147358453633
3442,20160202,0.9698488359333755
3443,20160203,0.8121008159926619
3444,20160204,0.8145453894230121
3445,20160205,0.840743918919347
3446,20160215,0.9630480198430581
3447,20160216,0.8663558288719352
3448,20160217,0.8301340364351535
3449,20160218,0.6149272108637253
3450,20160219,0.5577554370662545
3451,20160222,0.47919206928525326
3452,20160223,0.9115031678568325
3453,20160224,0.48273528041795105
3454,20160225,1.1484006594230267
3455,20160226,0.5092323587186971
3456,20160229,0.8939470609869435
3457,20160301,0.7726578122450894
3458,20160302,0.8708082701125753
3459,20160303,1.6175445388010112
3460,20160304,0.5985580455272987
3461,20160307,0.7681571736174553
3462,20160308,0.868888882456541
3463,20160309,0.7811495944762858
3464,20160310,0.6591784857006234
3465,20160311,0.7603983109810387
3466,20160314,0.7452922359514879
3467,20160315,0.8706285295507233
3468,20160316,0.49337552651826283
3469,20160317,0.8701237306275759
3470,20160318,0.6522259536601133
3471,20160321,0.8060756755995708
3472,20160322,0.575421431265412
3473,20160323,0.8419869504047617
3474,20160324,0.5240337212869263
3475,20160325,0.39249068081929067
3476,20160328,0.6778869655290198
3477,20160329,1.1196834824469337
3478,20160330,0.63673481726725
3479,20160331,0.5963094188403554
3480,20160401,0.6602675196456786
3481,20160405,1.0831623148094078
3482,20160406,0.5781585254932591
3483,20160407,0.893784591818788
3484,20160408,0.8531141052514042
3485,20160411,0.8597708163960228
3486,20160412,1.0593624889049915
3487,20160413,0.6562124288748155
3488,20160414,0.9111016069833818
3489,20160415,0.6459560333763619
3490,20160418,0.7925484151637192
3491,20160419,0.8494963960615186
3492,20160420,0.8827548326380682
3493,20160421,0.45406676674737495
3494,20160422,0.47676318830445735
3495,20160425,0.6428468766879453
3496,20160426,0.8591135237015297
3497,20160427,0.6714702209304834
3498,20160428,0.8155804896588099
3499,20160429,0.6474066309457865
3500,20160503,1.5387392402056606
3501,20160504,1.1122709076431423
3502,20160505,0.5219365195153475
3503,20160506,1.0431262432909265
3504,20160509,0.7482712304407637
3505,20160510,0.5884537035032398
3506,20160511,3.1414175375796116
3507,20160512,1.4186227811100989
3508,20160513,1.1115717977091166
3509,20160516,1.0999783886358327
3510,20160517,1.3811074241097536
3511,20160518,0.8957611970553099
3512,20160519,0.9871316436267851
3513,20160520,2.194642715649906
3514,20160523,0.7476676087386178
3515,20160524,0.9248264217098571
3516,20160525,1.4435639077424567
3517,20160526,1.239556387281437
3518,20160527,1.1179975687756623
3519,20160530,0.7134650129691095
3520,20160531,0.9877097510768891
3521,20160601,0.6207607641690889
3522,20160602,2.3655304048046655
3523,20160603,1.159023161842918
3524,20160606,1.025827419602338
3525,20160607,1.044159797451562
3526,20160608,0.745513281703062
3527,20160613,0.9380178453051023
3528,20160614,0.8116086682982012
3529,20160615,0.9239676736171095
3530,20160616,0.8111566999329808
3531,20160617,0.7614313714612094
3532,20160620,1.3920535604611046
3533,20160621,1.1924997332217322
3534,20160622,0.8176098158573475
3535,20160623,1.4131215781908064
3536,20160624,1.0135848816715236
3537,20160627,0.8531212034518125
3538,20160628,1.5241722793676917
3539,20160629,0.5725552771746021
3540,20160630,0.7651424051610274
3541,20160701,1.0618467124236217
3542,20160704,0.6978082890338567
3543,20160705,1.3026841934938793
3544,20160706,1.9881962076472433
3545,20160707,1.536282681291684
3546,20160708,0.6871704387971189
3547,20160711,1.372909969087002
3548,20160712,1.464417781881331
3549,20160713,0.8791014125008532
3550,20160714,1.553398512032361
3551,20160715,0.9967731168837293
3552,20160718,1.1256052800373297
3553,20160719,1.1577921793226944
3554,20160720,0.8079163604854702
3555,20160721,1.1014509259759535
3556,20160722,0.9415116948048883
3557,20160725,1.5324176076787268
3558,20160726,1.3033883485868325
3559,20160727,1.1406733756336422
3560,20160728,1.6843395958466953
3561,20160729,1.3866619658353079
3562,20160801,2.140499276498462
3563,20160802,0.8569804337931208
3564,20160803,0.7797067832412451
3565,20160804,0.8861199003910533
3566,20160805,0.9742564321281451
3567,20160808,1.397865596199742
3568,20160809,0.9631284422000744
3569,20160810,1.4333689779929482
3570,20160811,0.41536538285874447
3571,20160812,0.6494182669184677
3572,20160815,0.7681838686800854
3573,20160816,0.6516488686220292
3574,20160817,0.5729467495101483
3575,20160818,0.7285625812805706
3576,20160819,0.6278867343376335
3577,20160822,0.9095005339337577
3578,20160823,0.5475697961328297
3579,20160824,0.8502763738996493
3580,20160825,0.9533568918193912
3581,20160826,0.6635096865184436
3582,20160829,0.5085623596301292
3583,20160830,1.0496302550307475
3584,20160831,0.7613433520768296
3585,20160901,0.3765932409170101
3586,20160902,0.6688132452710878
3587,20160905,0.7706739050345677
3588,20160906,0.6486199127665645
3589,20160907,0.39348934759841636
3590,20160908,0.6870561133121077
3591,20160909,0.5470576960870578
3592,20160912,0.9173860920747471
3593,20160913,0.4618718478287244
3594,20160914,0.4238643131836417
3595,20160919,1.2735166984931932
3596,20160920,0.7583193618642348
3597,20160921,0.45404102572623317
3598,20160922,0.5592231324258111
3599,20160923,0.7584583358816053
3600,20160926,0.40952587438074817
3601,20160927,0.7096056837626562
3602,20160928,0.3795579064883164
3603,20160929,0.5252046439812924
3604,20160930,0.5669205719427393
3605,20161010,0.9885359910501622
3606,20161011,0.4235054019054295
3607,20161012,0.4302224546098669
3608,20161013,0.6613523713967691
3609,20161014,0.44134872175285395
3610,20161017,0.6346848508821364
3611,20161018,0.606421998603949
3612,20161019,0.6090383595806397
3613,20161020,0.6348667576827348
3614,20161021,0.48629855889227985
3615,20161024,0.632119888618151
3616,20161025,0.43898686455731445
3617,20161026,0.9050798962686286
3618,20161027,0.4259627280701472
3619,20161028,0.7615761079952748
3620,20161031,0.6704067149454421
3621,20161101,4.815578899029672
3622,20161102,1.4049196070305756
3623,20161103,0.7755843769788043
3624,20161104,0.9102668603638793
3625,20161107,0.6645256837004107
3626,20161108,0.570393994523541
3627,20161109,0.9283449772038324
3628,20161110,0.6224418467724311
3629,20161111,0.3921586369810649
3630,20161114,0.5940048830324555
3631,20161115,0.43351967472712255
3632,20161116,0.5350100995955377
3633,20161117,0.41930161773380625
3634,20161118,0.7862445601298202
3635,20161121,0.3716634601187417
3636,20161122,0.3378107700897086
3637,20161123,0.4416503837451488
3638,20161124,1.1237975633644373
3639,20161125,0.6547159976460917
3640,20161128,0.43335816190675713
3641,20161129,0.8415854604514573
3642,20161130,0.710989124612752
3643,20161201,0.4629875443013002
3644,20161202,0.9180654201541791
3645,20161205,0.5687250947048986
3646,20161206,0.6525896232268462
3647,20161207,0.5430083773302404
3648,20161208,0.5762384481955768
3649,20161209,0.33462982052163925
3650,20161212,0.6531665895014432
3651,20161213,0.9005003773351365
3652,20161214,0.587905414119668
3653,20161215,0.4125620150444311
3654,20161216,0.4301406576248994
3655,20161219,0.525214456201409
3656,20161220,0.5944118442468389
3657,20161221,0.7624745697632579
3658,20161222,0.4932347058673144
3659,20161223,0.8285190819049019
3660,20161226,0.48455304886014433
3661,20161227,0.5605835266708958
3662,20161228,0.682314366558368
3663,20161229,0.4164790347749277
3664,20161230,1.6209462766302962
3665,20170103,1.1774621693519636
3666,20170104,0.7201272765588863
3667,20170105,0.5035900542267118
3668,20170106,0.5324980339154678
3669,20170109,0.4858498442646685
3670,20170110,0.5056709947532878
3671,20170111,0.595141011856056
3672,20170112,0.54861478564449
3673,20170113,0.48841125182405515
3674,20170116,0.4447346597026207
3675,20170117,0.5897082069693655
3676,20170118,0.8223972850543204
3677,20170119,0.4134685739473648
3678,20170120,0.5053924493776727
3679,20170123,0.9014505888160687
3680,20170124,0.5251891863215417
3681,20170125,0.8257305003004503
3682,20170126,0.5051689385366154
3683,20170203,0.4357565254919146
3684,20170206,0.6288010453718329
3685,20170207,0.701428918974694
3686,20170208,0.5906376016715347
3687,20170209,0.34375953929528796
3688,20170210,0.4032067775103167
3689,20170213,0.8212193394645346
3690,20170214,0.7533849429605187
3691,20170215,0.6956433909965839
3692,20170216,0.6129815963270224
3693,20170217,0.4776299609913325
3694,20170220,0.6879513908335751
3695,20170221,1.080973179824988
3696,20170222,0.8106951922195712
3697,20170223,0.593285129145099
3698,20170224,0.6120377467518219
3699,20170227,1.0181912791261598
3700,20170228,0.7249057751229266
3701,20170301,2.2157026611211474
3702,20170302,1.315983270389677
3703,20170303,1.2383793283009752
3704,20170306,0.8430328040028573
3705,20170307,1.2840665763252648
3706,20170308,1.0984667438532238
3707,20170309,1.0710402677186897
3708,20170310,1.851227097524807
3709,20170313,2.3149738872163867
3710,20170314,1.2163491734147671
3711,20170315,1.0038767390165901
3712,20170316,1.500913574081469
3713,20170317,1.0872431427911744
3714,20170320,1.1628016497783937
3715,20170321,3.1917425447121497
3716,20170322,1.476129948363663
3717,20170323,1.0736013815395067
3718,20170324,1.2335023404298149
3719,20170327,1.3430198415055783
3720,20170328,1.2783947342742505
3721,20170329,0.8199582509223099
3722,20170330,0.9092011446660452
3723,20170331,0.6037262295890864
3724,20170405,0.8018959085016567
3725,20170406,0.6149525453237332
3726,20170407,1.0891769719705633
3727,20170410,0.9969206382982488
3728,20170411,1.6314893369352024
3729,20170412,0.6229150860939232
3730,20170413,0.7149701795403884
3731,20170414,0.682636303028916
3732,20170417,1.1513048585914474
3733,20170418,1.2238937668518957
3734,20170419,1.0290992433625932
3735,20170420,2.1978017676536
3736,20170421,0.9676510335288346
3737,20170424,1.4693971819915141
3738,20170425,0.7456320718794763
3739,20170426,1.291159647174819
3740,20170427,0.97271295334367
3741,20170428,0.9457630235326996
3742,20170502,0.5801867865169155
3743,20170503,0.5749871034308394
3744,20170504,0.7101812770341152
3745,20170505,1.144719129123125
3746,20170508,0.6591425303893286
3747,20170509,1.17365149122288
3748,20170510,0.49903379713914375
3749,20170511,0.6280724612857792
3750,20170512,0.8635937024214765
3751,20170515,1.1442696607165073
3752,20170516,0.9794025108422197
3753,20170517,1.1466136719325708
3754,20170518,0.8545710558279599
3755,20170519,0.5021243080512732
3756,20170522,0.966207633232752
3757,20170523,0.6403989841271636
3758,20170524,0.7110274101999932
3759,20170525,0.7703092384663537
3760,20170526,1.389345379711599
3761,20170531,0.8820589546576244
3762,20170601,0.9959984616064115
3763,20170602,0.66294758546254
3764,20170605,0.9265902111713972
3765,20170606,0.7066749578469795
3766,20170607,0.9857533230074649
3767,20170608,1.503450370871504
3768,20170609,0.9535843010861774
3769,20170612,1.3922878713542148
3770,20170613,0.6357583852203691
3771,20170614,1.2612107635316239
3772,20170615,1.080676145141104
3773,20170616,0.5680299599296454
3774,20170619,0.7428003702165165
3775,20170620,1.2052289559628226
3776,20170621,0.9039589838896864
3777,20170622,1.3813894101143094
3778,20170623,1.1601026650815423
3779,20170626,0.8355166708689105
3780,20170627,0.8173187190364735
3781,20170628,1.0545328069196704
3782,20170629,0.8310000083454973
3783,20170630,1.6966212045564302
3784,20170703,0.7823944353700062
3785,20170704,0.8230606062376079
3786,20170705,0.6215561680281129
3787,20170706,1.4919770685062883
3788,20170707,0.6465443502826977
3789,20170710,0.47792648998994713
3790,20170711,0.5628747672763792
3791,20170712,0.7795606223968169
3792,20170713,0.3612374723211723
3793,20170714,0.5226944792450647
3794,20170717,0.7314250804801795
3795,20170718,0.5979332330522049
3796,20170719,0.6599987378354109
3797,20170720,0.7195496074548291
3798,20170721,0.507083979205604
3799,20170724,0.42033113269407446
3800,20170725,0.8468168409452542
3801,20170726,0.8206585835828969
3802,20170727,0.6022555159876526
3803,20170728,0.5076790088828133
3804,20170731,0.7981795346503867
3805,20170801,0.5233680315363693
3806,20170802,0.8066065201156905
3807,20170803,0.3790575143299518
3808,20170804,0.5974425897750266
3809,20170807,1.2870225273271827
3810,20170808,0.5199826987237557
3811,20170809,0.8441340151779266
3812,20170810,0.8388693709756087
3813,20170811,0.49737685239740564
3814,20170814,0.6444970516702023
3815,20170815,0.5856146221301994
3816,20170816,1.9458791479050517
3817,20170817,0.5052706200100857
3818,20170818,0.2938911490958025
3819,20170821,0.9919567485188449
3820,20170822,1.1755403822915638
3821,20170823,1.487921732622966
3822,20170824,0.6639424227656394
3823,20170825,0.49474358041460503
3824,20170828,0.46886927959592345
3825,20170829,0.6027220560886257
3826,20170830,0.8394374581848661
3827,20170831,0.5092340954590453
3828,20170901,0.48962954540223563
3829,20170904,0.5049689234414438
3830,20170905,0.6219004999247045
3831,20170906,0.5347158910297889
3832,20170907,0.8828191064440063
3833,20170908,1.1642207474475983
3834,20170911,0.8405070692553441
3835,20170912,0.4791931601990798
3836,20170913,1.0969517097430275
3837,20170914,0.8578574902523083
3838,20170915,0.5545789297691648
3839,20170918,0.5431989747653743
3840,20170919,0.8015206477545163
3841,20170920,0.5964672336219851
3842,20170921,0.4851636707715987
3843,20170922,0.43761715044469207
3844,20170925,0.9042729404246916
3845,20170926,0.8220559851948986
3846,20170927,0.7524294577634304
3847,20170928,0.7377057243966431
3848,20170929,0.622703623481904
3849,20171009,1.0733929349827964
3850,20171010,1.1255453880643846
3851,20171011,1.2165619306648898
3852,20171012,0.6985453620316519
3853,20171013,0.9025006469417286
3854,20171016,0.8581563806161661
3855,20171017,1.615744503025025
3856,20171018,2.7155888520899074
3857,20171019,0.9336682644296324
3858,20171020,0.8679253017870303
3859,20171023,2.215237092971031
3860,20171024,1.1879966950469396
3861,20171025,1.7668121045592362
3862,20171026,2.0021524959903356
3863,20171027,0.9685926630925547
3864,20171030,1.0878850976809633
3865,20180108,1.6607868325522923
3866,20180109,1.1885279681671697
3867,20180110,0.714084672473213
3868,20180111,0.559081443990152
3869,20180112,1.3952196770670031
3870,20180115,1.0487800128395854
3871,20180116,0.5494700944878194
3872,20180117,0.9980159329912949
3873,20180118,0.8687637870486759
3874,20180119,0.51632645627675
3875,20180122,0.7121517882960847
3876,20180123,0.5131774492188118
3877,20180124,0.6546553518073825
3878,20180125,0.8124693671792628
3879,20180126,0.5946238527642411
3880,20180129,0.7368672227584457
3881,20180130,1.1104292231000155
3882,20180131,0.7474340824045904
3883,20180201,0.5071894068020436
3884,20180202,0.28995033389936203
3885,20180205,0.4292438233274932
3886,20180206,0.7940583263329
3887,20180207,0.8584407812284729
3888,20180208,0.5865414582343349
3889,20180209,1.1704609615859634
3890,20180212,0.6075326686697897
3891,20180213,0.6687957987673605
3892,20180214,0.6372354149447195
3893,20180222,0.6910430091801856
3894,20180223,0.7078721185854787
3895,20180226,0.8922772166190519
3896,20180227,1.1077474463263037
3897,20180228,0.7970810713463783
3898,20180301,0.717713696459203
3899,20180302,0.4423166489359966
3900,20180305,0.6297160344287223
3901,20180306,1.0944804759712674
3902,20180307,0.8211156257482858
3903,20180308,1.2179451012671794
3904,20180309,0.6365513135529955
3905,20180312,0.6559577935618723
3906,20180313,0.7420218452012564
3907,20180314,0.7414629024920357
3908,20180315,0.7840983294988974
3909,20180316,0.7405525120454659
3910,20180319,1.5637358929326977
3911,20180320,2.3912456496825563
3912,20180321,0.8977508182347628
3913,20180322,1.0843326970139133
3914,20180323,0.8661926414691572
3915,20180326,1.503911832214379
3916,20180327,0.7569639084546183
3917,20180328,1.1557091397200234
3918,20180329,0.9191524572352103
3919,20180330,1.8702856281038187
3920,20180402,1.0129201616104087
3921,20180403,0.9551979858924898
3922,20180404,1.0387407554224368
3923,20180409,0.924319406244621
3924,20180410,0.751188739888302
3925,20180411,1.0694476431960587
3926,20180412,0.7193593843839083
3927,20180413,1.4553791927339053
3928,20180416,1.16283985930599
3929,20180417,0.647015524840811
3930,20180418,1.852422283429129
3931,20180419,3.7108180498854635
3932,20180420,1.044877128871632
3933,20180423,0.9841665383467483
3934,20180424,1.1979465495519437
3935,20180425,3.0257150690031716
3936,20180426,0.8394801734166267
3937,20180427,1.0323261087995832
3938,20180502,3.509361047594472
3939,20180503,1.4265791733191748
3940,20180504,3.7917824919194265
3941,20180507,2.774475548463257
3942,20180508,1.7858967783001576
3943,20180509,0.8534189684950951
3944,20180510,2.0837805258773114
3945,20180511,2.910210523661561
3946,20180514,2.2228997205184102
3947,20180515,4.3165838266348215
3948,20180516,1.660619682590007
3949,20180517,2.493973158123509
3950,20180518,1.8387246683164797
3951,20180521,1.4757486870360688
3952,20180522,1.2448323161163086
3953,20180523,1.6824096670209676
3954,20180524,1.059519979597086
3955,20180525,1.5317627320493714
3956,20180528,2.510186818867217
3957,20180529,2.8483499570125557
3958,20180530,1.2928754854029185
3959,20180531,2.431343552084687
3960,20180601,3.933402914493598
3961,20180604,1.2044774838658487
3962,20180605,2.251983201935271
3963,20180606,1.0727612818720293
3964,20180607,1.067841878462283
3965,20180608,1.2183480560801876
3966,20180611,0.8811258099565583
3967,20180612,2.302314816484675
3968,20180613,1.4677397934075438
3969,20180614,1.8451228956155523
3970,20180615,1.527722450149975
3971,20180619,0.6828010448094611
3972,20180620,1.2615820459438973
3973,20180621,2.0357292875092794
3974,20180622,0.9282100863896147
3975,20180625,0.9327754253191575
3976,20180626,1.2004468405138844
3977,20180627,1.5853900020726495
3978,20180628,1.1660655245451605
3979,20180629,1.5900379270707843
3980,20180702,1.1668785108798887
3981,20180703,1.4523881454535823
3982,20180704,1.1797933455891692
3983,20180705,0.9673873280943889
3984,20180706,1.208459785693395
3985,20180709,1.7198463205119723
3986,20180710,0.6802026654590139
3987,20180711,1.101464404536898
3988,20180712,1.4783359716671403
3989,20180713,2.3060241586767103
3990,20180716,1.4391862564895885
3991,20180717,1.9381599977391688
3992,20180718,0.9879107607684274
3993,20180719,1.2824952501195646
3994,20180720,1.0523407356678323
3995,20180723,1.1539230926241781
3996,20180724,1.1139057295736285
3997,20180725,1.5241611618027024
3998,20180726,1.0034919870061392
3999,20180727,1.1872793589087935
4000,20180730,1.8015883841612657
4001,20180731,1.219660692612162
4002,20180801,0.7810991941767119
4003,20180802,0.9548155607086776
4004,20180803,1.0256089528268484
4005,20180806,1.4591989459072647
4006,20180807,1.5317140125550721
4007,20180808,1.2256316972711128
4008,20180809,2.0001153362972603
4009,20180810,1.235423802234667
4010,20180813,1.0563619805336266
4011,20180814,1.5801944248413158
4012,20180815,1.6919774383646888
4013,20180816,1.279190620388388
4014,20180817,1.1752484635452205
4015,20180820,1.1117007454372654
4016,20180821,2.1946207520630567
4017,20180822,1.145147615601518
4018,20180823,2.0981325486081803
4019,20180824,1.0444482194248101
4020,20180827,2.1565346149915157
4021,20180828,1.1941698355016193
4022,20180829,2.1276909690198442
4023,20180830,0.7443387478841884
4024,20180831,0.9234638989421836
4025,20180903,2.018168068557896
4026,20180904,1.379754871755128
4027,20180905,1.4394591406554134
4028,20180906,1.5371379233499665
4029,20180907,1.172046699556572
4030,20180910,1.0949502258135115
4031,20180911,0.7941949176987665
4032,20180912,2.2948240936239825
4033,20180913,2.5247471602198632
4034,20180914,1.495965548662086
4035,20180917,1.155640483406158
4036,20180918,1.4588790430322809
4037,20180919,1.3374003294514136
4038,20180920,1.1322502054014536
4039,20180921,1.0442613523023028
4040,20180925,0.614351760112704
4041,20180926,1.6643546822008082
4042,20180927,1.2424917691979354
4043,20180928,0.8235841432965555
4044,20181008,0.9035012513245414
4045,20181009,1.0386740343565175
4046,20181010,1.2665217459810016
4047,20181011,0.7639877560580366
4048,20181012,0.7313619328297337
4049,20181015,1.1073941352308472
4050,20181016,1.4758409672653665
4051,20181017,1.199089086111748
4052,20181018,0.7446967275025637
4053,20181019,1.2710731471656473
4054,20181022,1.0928037967291047
4055,20181023,1.2011055276218074
4056,20181024,1.1771568939862522
4057,20181025,1.9762973051047459
4058,20181026,1.114027820702408
4059,20181029,1.7565157051384794
4060,20181030,1.9419084186580644
4061,20181031,1.2220779730239524
4062,20181101,2.031719638859833
4063,20181102,0.7462378700219153
4064,20181105,1.0747356002211614
4065,20181106,1.1147332239944734
4066,20181107,1.189597222577499
4067,20181108,0.9087895489001336
4068,20181109,0.7976969770299775
4069,20181112,1.1589273301816003
4070,20181113,1.4628722082414496
4071,20181114,1.4820303438452496
4072,20181115,0.8839500922670045
4073,20181116,0.8616247447428497
4074,20181119,0.7339649944776008
4075,20181120,1.0014900935345268
4076,20181121,1.1951149342015082
4077,20181122,1.045073879386493
4078,20181123,0.9595976448795878
4079,20181126,0.7139918923332852
4080,20181127,0.9700738451495736
4081,20181128,1.0522190677817738
4082,20181129,1.0536699786613193
4083,20181130,2.1407792880776646
4084,20181203,1.7496912958165445
4085,20181204,1.0572414993355874
4086,20181205,1.3108328840899066
4087,20181206,1.806752338024899
4088,20181207,1.8145636221848886
4089,20181210,1.864789555787278
4090,20181211,1.1182383622474739
4091,20181212,1.4707780473271517
4092,20181213,0.9053045165791578
4093,20181214,1.304474303692453
4094,20181217,0.8063775719528353
4095,20181218,0.990639783716187
4096,20181219,1.516062377551247
4097,20181220,0.936859845850917
4098,20181221,0.756262874616611
4099,20181224,1.1578578565427387
4100,20181225,0.8419250573056882
4101,20181226,1.6046639251701107
4102,20181227,0.7823301382810026
4103,20181228,1.257702426582416
4104,20190102,1.5290059894294936
4105,20190103,1.2545605504636168
4106,20190104,1.0752067446032882
4107,20190107,0.8824825879070413
4108,20190108,0.708512390937667
4109,20190109,1.328901120744418
4110,20190110,1.2074975527320153
4111,20190111,0.8014517072851449
4112,20190114,1.1514047471282585
4113,20190115,2.1202524221182886
4114,20190116,0.9396980683443483
4115,20190117,0.6594661713284452
4116,20190118,1.2400820550537983
4117,20190121,1.3811442532451428
4118,20190122,0.6102895236042265
4119,20190123,0.7265057016097425
4120,20190124,1.331864940697414
4121,20190125,0.819506479009778
4122,20190128,0.944654993403769
4123,20190129,0.9300827371444594
4124,20190130,0.679220363816282
4125,20190131,2.1370264912322283
4126,20190201,1.018349999967387
4127,20190211,0.9208181235950358
4128,20190212,1.4707946138690036
4129,20190213,0.565686346352674
4130,20190214,0.9643593686871434
4131,20190215,0.8421412836378372
4132,20190218,1.5677649581833364
4133,20190219,0.7380388820074228
4134,20190220,0.6874157927131229
4135,20190221,0.7715896292388371
4136,20190222,0.5397534757620839
4137,20190225,0.7757445279241517
4138,20190226,1.1518799287377735
4139,20190227,0.6419126030650409
4140,20190228,1.198965293881509
4141,20190301,0.8974400552863159
4142,20190304,0.7058337375568687
4143,20190305,0.5546265609776999
4144,20190306,1.0450578008553537
4145,20190307,0.7882850650775511
4146,20190308,0.5413784303994497
4147,20190311,0.5877286976915338
4148,20190312,0.5619971537481229
4149,20190313,0.6581829790760652
4150,20190314,0.6481787893358409
4151,20190315,0.8660934779342334
4152,20190318,2.045220695615521
4153,20190319,0.9754086474064104
4154,20190320,1.0865821095518748
4155,20190321,1.0531496186590066
4156,20190322,0.797254921458387
4157,20190325,0.791532902397627
4158,20190326,0.4908289931011959
4159,20190327,0.6180107187749634
4160,20190328,0.6792802160859579
4161,20190329,0.7939346437474297
4162,20190401,0.5255433208744725
4163,20190402,0.4680904031385844
4164,20190403,0.8616585366426294
4165,20190404,0.5710316786405916
4166,20190408,1.7224097952654438
4167,20190409,1.2012736205267354
4168,20190410,2.2613955494289835
4169,20190411,1.2202027378721372
4170,20190412,1.0878720279519731
4171,20190415,1.384987597045041
4172,20190416,0.9944736718286222
4173,20190417,1.0516161593161917
4174,20190418,0.7316721682960273
4175,20190419,1.0805044560296464
4176,20190422,0.9094199107236357
4177,20190423,0.9743542456955322
4178,20190424,0.6590407450570516
4179,20190425,0.9200369888609549
4180,20190426,1.4091498649718297
4181,20190429,1.0677632386628095
4182,20190430,1.6867397276986802
4183,20190506,0.9467100247414422
4184,20190507,1.1665438172110072
4185,20190508,1.0807694319822534
4186,20190509,0.9310818762212908
4187,20190510,1.233692026901724
4188,20190513,1.2483871497162784
4189,20190514,1.1841911616721563
4190,20190515,2.468421973730538
4191,20190516,0.8362101222136828
4192,20190517,0.8648857203461654
4193,20190520,0.7985161310061831
4194,20190521,0.8240661520509497
4195,20190522,1.5000280352625348
4196,20190523,1.156322208787101
4197,20190524,0.808548458582674
4198,20190527,1.2725111364623674
4199,20190528,0.7228320298600631
4200,20190529,0.8325116958401737
4201,20190530,0.9990654691805815
4202,20190531,0.6830003414585084
4203,20190603,0.8838157260643844
4204,20190604,0.8991129359126301
4205,20190605,1.47935471670453
4206,20190606,1.3495616585883727
4207,20190610,0.8291458063716093
4208,20190611,0.8050555262072355
4209,20190612,0.5625048091144521
4210,20190613,0.7201571073722773
4211,20190614,1.1721872776835858
4212,20190617,1.8426622013084573
4213,20190618,1.1870182751155016
4214,20190619,0.7599045210263646
4215,20190620,1.2117416852826535
4216,20190621,0.6293998397281048
4217,20190624,0.8005324863171566
4218,20190625,0.9262912413037943
4219,20190626,0.9350745449140223
4220,20190627,1.4205012239246166
4221,20190628,1.0830520905180012
4222,20190701,1.7520900039835652
4223,20190702,1.5984776086931578
4224,20190703,1.1169148692458368
4225,20190704,1.649696505486077
4226,20190705,0.7565841511364285
4227,20190708,0.9644729106873425
4228,20190709,0.8035815692033647
4229,20190710,0.6628057222030745
4230,20190711,0.9976576482478478
4231,20190712,1.6122368580235724
4232,20190715,0.8252754283226111
4233,20190716,1.2695914329870757
4234,20190717,0.8727345318881488
4235,20190718,1.3918688111647581
4236,20190719,1.2574183510796717
4237,20190722,1.0474881874965207
4238,20190723,1.2763670228270316
4239,20190724,1.171962622562518
4240,20190725,0.9196595075416409
4241,20190726,0.8808445906840795
4242,20190729,1.0519677609561908
4243,20190730,0.6744740741561653
4244,20190731,0.947396639808234
4245,20190801,1.639486616960881
4246,20190802,0.670966024288323
4247,20190805,0.9927413618565741
4248,20190806,1.1389000070763091
4249,20190807,0.9059221348215528
4250,20190808,0.6271087807650279
4251,20190809,0.8193310601414288
4252,20190812,1.1664859069891578
4253,20190813,0.7969986744132673
4254,20190814,0.8010584752537665
4255,20190815,1.2476534425795767
4256,20190816,1.3963477527625054
4257,20190819,0.6172026620847776
4258,20190820,1.5779431535215638
4259,20190821,0.7059627597915475
4260,20190822,2.1021992089942816
4261,20190823,1.387090969341978
4262,20190826,0.9915435027037958
4263,20190827,0.5229663348355127
4264,20190828,1.2603546657736624
4265,20190829,1.5335686690043038
4266,20190830,1.1345417774839723
4267,20190902,0.61598531381592
4268,20190903,0.9636394170780507
4269,20190904,0.6630062340386638
4270,20190905,1.3242262945729955
4271,20190906,1.1049081946113752
4272,20190909,0.796964829663053
4273,20190910,0.6635661087941198
4274,20190911,1.1480080103078147
4275,20190912,0.6973808059828419
4276,20190916,0.3909212793281724
4277,20190917,0.8147979270890804
4278,20190918,0.7393276215832707
4279,20190919,0.8946325971021764
4280,20190920,0.8382400802029528
4281,20190923,0.7313780315304689
4282,20190924,0.6848370209758408
4283,20190925,1.109076652936381
4284,20190926,0.790516718810745
4285,20190927,0.42087595147412743
4286,20190930,0.4678955383804419
4287,20191008,0.6943106682492097
4288,20191009,0.6420829613368566
4289,20191010,0.6380445912998068
4290,20191011,0.6140963215333481
4291,20191014,0.48033006623486424
4292,20191015,0.6473581660461865
4293,20191016,0.55837013439818
4294,20191017,0.6774285398068712
4295,20191018,0.8957155443158243
4296,20191021,0.8908365807290283
4297,20191022,0.5660417899347783
4298,20191023,0.7789094955877703
4299,20191024,0.496347808810622
4300,20191025,1.092956490473792
4301,20191028,0.7013231425204779
4302,20191029,1.0660193662256037
4303,20191030,0.954793014210349
4304,20191031,0.7284632764176417
4305,20191101,1.0068210007417047
4306,20191104,0.5803448703958293
4307,20191105,0.624628961608777
4308,20191106,0.7893716313107866
4309,20191107,0.8522705897686378
4310,20191108,0.8869556178612233
4311,20191111,0.8285116969058932
4312,20191112,0.6485407414386433
4313,20191113,0.7547892369436192
4314,20191114,0.46955428935879145
4315,20191115,0.5039865337191244
4316,20191118,0.551910641674605
4317,20191119,0.7901972299515201
4318,20191120,0.7005405854088187
4319,20191121,0.6287926121243295
4320,20191122,0.9176718749406715
4321,20191125,0.48040123593576095
4322,20191126,1.155180638390346
4323,20191127,0.8430666216398293
4324,20191128,0.6036713620234176
4325,20191129,0.5199462879583278
4326,20191202,0.4686137397742293
4327,20191203,1.2195451454026711
4328,20191204,0.7329609786915111
4329,20191205,0.48776243814882153
4330,20191206,0.5583707023423535
4331,20191209,0.8340423915272093
4332,20191210,0.44326569801018495
4333,20191211,0.6910351064647113
4334,20191212,0.6167986886938833
4335,20191213,0.511500310469982
4336,20191216,1.2759431445195133
4337,20191217,0.5024742206179712
4338,20191218,0.436932467489266
4339,20191219,0.6330141980123154
4340,20191220,0.4704923928499822
4341,20191223,0.6234265348296607
4342,20191224,0.5518715826964968
4343,20191225,0.6761627028617279
4344,20191226,0.47272021595219044
4345,20191227,0.32426834198025867
4346,20191230,0.6151406789094799
4347,20191231,3.540654172114226
4348,20200102,0.8437604497118265
4349,20200103,0.5013478430634899
4350,20200106,0.5546571574862553
4351,20200107,0.38096740500836024
4352,20200108,0.6274214153393022
4353,20200109,0.4412573697675983
4354,20200110,0.4402632052216383
4355,20200113,0.5865744344987779
4356,20200114,0.5508160649109949
4357,20200115,0.6451844699291925
4358,20200116,0.8343148061015311
4359,20200117,0.6832316877569256
4360,20200120,2.0769396667990776
4361,20200121,2.271021601412814
4362,20200122,1.8608740571595273
4363,20200123,1.157161917344344
4364,20200203,4.789493610262684
4365,20200204,0.9697089081497712
4366,20200205,1.6977582888520835
4367,20200206,2.3906716423524808
4368,20200207,1.696753137788652
4369,20200210,0.8961443160472184
4370,20200211,0.6363281476521635
4371,20200212,0.8901143117045949
4372,20200213,1.204353386676517
4373,20200214,0.825879824344286
4374,20200217,0.36885375791642044
4375,20200218,1.9609551193558517
4376,20200219,1.056555533560763
4377,20200220,0.5578326686684787
4378,20200221,0.6811086105557159
4379,20200224,0.5035961171858412
4380,20200225,0.6656485257262187
4381,20200226,0.41589950691902117
4382,20200227,0.5315750538354771
4383,20200228,0.8389632353118036
4384,20200302,0.5690336845059377
4385,20200303,0.4265281319753539
4386,20200304,0.5421022788821764
4387,20200305,0.43303939115558204
4388,20200306,0.6471278265300036
4389,20200309,0.5889311102042792
4390,20200310,0.7780062006702256
4391,20200311,0.5349220705346055
4392,20200312,0.7165131482111907
4393,20200313,0.5909385207442146
4394,20200316,1.031304781629178
4395,20200317,1.1354918258076436
4396,20200318,0.9367075016008557
4397,20200319,1.318561633174635
4398,20200320,0.7301869951177199
4399,20200323,0.5510015808188103
4400,20200324,0.6360853160320875
4401,20200325,0.944957015608244
4402,20200326,1.358911453308328
4403,20200327,1.111792851581119
4404,20200330,0.913214829630798
4405,20200331,0.531455669326475
4406,20200401,0.7269294347329229
4407,20200402,0.7410802044073055
4408,20200403,0.907307810673726
4409,20200407,0.7313008183618983
4410,20200408,1.2693476007378313
4411,20200409,0.5323416758353822
4412,20200410,0.8936459790349253
4413,20200413,0.6144178322710965
4414,20200414,0.8626866192470383
4415,20200415,1.177178453958165
4416,20200416,0.944111268680131
4417,20200417,0.8196449138926774
4418,20200420,0.5953942478477605
4419,20200421,0.9921813122343172
4420,20200422,0.5514165130665314
4421,20200423,0.9743580905619373
4422,20200424,1.1361322160323943
4423,20200427,0.7146236260115003
4424,20200428,0.868691981402448
4425,20200429,0.9577912483427118
4426,20200430,0.3659670315064062
4427,20200506,0.7064948392843293
4428,20200507,0.44405964806776427
4429,20200508,0.4283471080646073
4430,20200511,0.43902925904205276
4431,20200512,0.6832393752537523
4432,20200513,1.7156198942977232
4433,20200514,1.0382211156195642
4434,20200515,0.7735618707705811
4435,20200518,0.5885935880910832
4436,20200519,0.8224317427027992
4437,20200520,0.6757222045973373
4438,20200521,0.5995860207051685
4439,20200522,0.8368364881808366
4440,20200525,0.39585837219485825
4441,20200526,0.5062153208646156
4442,20200527,0.4181611698364468
4443,20200528,0.7179109729954419
4444,20200529,0.5123337141173769
4445,20200601,0.7331439805717533
4446,20200602,0.41912135592602195
4447,20200603,1.002907242913928
4448,20200604,1.694673897886558
4449,20200605,0.9359157792018149
4450,20200608,0.4361036337593251
4451,20200609,1.7285745571111677
4452,20200610,0.5498886632690374
4453,20200611,1.0575783472995313
4454,20200612,0.6656497966117655
4455,20200615,0.651099909213969
4456,20200616,0.6760159713518591
4457,20200617,1.1438456277657512
4458,20200618,1.0505016455273963
4459,20200619,0.3698536212684374
4460,20200622,0.8376839656832571
4461,20200623,0.8276618392505953
4462,20200624,0.7042327790552864
4463,20200629,0.48241304336502633
4464,20200630,1.307778665443756
4465,20200701,1.129565483970559
4466,20200702,0.7795764496326559
4467,20200703,0.5751018840309782
4468,20200706,0.5454045870419094
4469,20200707,0.24618932243134797
4470,20200708,0.3722668494988922
4471,20200709,1.0783375880263626
4472,20200710,0.6225938697071134
4473,20200713,0.5900518672535487
4474,20200714,1.1337388971930924
4475,20200715,0.6140157911322612
4476,20200716,0.974890251947075
4477,20200717,0.6056425039549694
4478,20200720,0.544959834494612
4479,20200721,0.637390669408314
4480,20200722,0.6300658731677539
4481,20200723,1.6039752563757272
4482,20200724,0.9750899832358867
4483,20200727,0.8993443264040271
4484,20200728,0.796868155158701
4485,20200729,1.1430496841140585
4486,20200730,1.8719548685304832
4487,20200731,1.187459296403336
4488,20200803,0.8672088035909499
4489,20200804,1.1724727233566643
4490,20200805,0.8296284650343959
4491,20200806,1.029994726542062
4492,20200807,0.6078970220588183
4493,20200810,1.075099683743994
4494,20200811,1.108867917738929
4495,20200812,1.2620599130755792
4496,20200813,0.7519454362319609
4497,20200814,0.7689266750073845
4498,20200817,0.5045728160861018
4499,20200818,0.3728263827786496
4500,20200819,0.687856721803071
4501,20200820,1.2176932285360913
4502,20200821,0.5865381131653129
4503,20200824,0.4939644303906228
4504,20200825,0.549637021534035
4505,20200826,1.0482231151644452
4506,20200827,0.6580120249621993
4507,20200828,0.5156807128377545
4508,20200831,0.5678046349387068
4509,20200901,0.3851241485270933
4510,20200902,0.48447022864910055
4511,20200903,1.101161760903454
4512,20200904,0.6436425427577248
4513,20200907,0.7327193333476834
4514,20200908,0.4533998612726893
4515,20200909,0.5664533151362654
4516,20200910,0.6387887739812496
4517,20200911,0.4468677688424956
4518,20200914,0.42382981941836806
4519,20200915,0.5687232355378884
4520,20200916,0.5371148798580763
4521,20200917,0.5483996273270131
4522,20200918,0.44558260384400883
4523,20200921,0.4325112529153012
4524,20200922,0.8393978481175804
4525,20200923,0.6418252892437852
4526,20200924,0.5586913971852826
4527,20200925,0.9494735948857651
4528,20200928,0.474340759409376
4529,20200929,0.4870238274600201
4530,20200930,0.3685678745628556
4531,20201009,0.27276984628675405
4532,20201012,0.6847713553710638
4533,20201013,0.6462854599195061
4534,20201014,0.7122337973720874
4535,20201015,0.2196486186150574
4536,20201016,2.2858946420312485
4537,20201019,1.8667682930113465
4538,20201020,0.994630982045016
4539,20201021,1.310558429693308
4540,20201022,0.7036015691948834
4541,20201023,0.5860341592394532
4542,20201026,0.7386893401536581
4543,20201027,0.6470106900313292
4544,20201028,0.5789488349140647
4545,20201029,1.0400822614953824
4546,20201030,0.589454665946486
4547,20201102,0.5518169941462521
4548,20201103,0.4848497023197273
4549,20201104,0.36262821924945615
4550,20201105,0.40943210925019363
4551,20201106,0.3376503552821333
4552,20201109,0.36572209816047435
4553,20201110,0.3856781634912173
4554,20201111,0.5027516592484815
4555,20201112,0.2911050883601272
4556,20201113,0.4468703312384883
4557,20201116,0.25940446700938197
4558,20201117,0.47342783572462205
4559,20201118,0.2805217827161582
4560,20201119,0.3290655289877904
4561,20201120,0.15510500808525507
4562,20201123,0.48292494355913845
4563,20201124,0.35121886829778765
4564,20201125,0.3470220375676624
4565,20201126,0.5256808410225046
4566,20201127,0.3024573019795053
4567,20201130,0.621787200376239
4568,20201201,0.4647928024173503
4569,20201202,0.35785565567511063
4570,20201203,0.398619597362106
4571,20201204,0.4608600884489767
4572,20201207,0.5902573938948588
4573,20201208,0.424821339218484
4574,20201209,0.47153132965121114
4575,20201210,0.48825953178654347
4576,20201211,0.6230520976284988
4577,20201214,0.426864883405127
4578,20201215,0.47806118856832475
4579,20201216,0.4578942665087271
4580,20201217,0.25643731206730774
4581,20201218,0.46725602409909356
4582,20201221,0.36823459989890317
4583,20201222,0.5263818246522763
4584,20201223,0.7526670579142035
4585,20201224,0.7515538852255272
4586,20201225,0.5023831151929371
4587,20201228,0.3541880291012055
4588,20201229,0.3194152979474982
4589,20201230,0.29493204942018825
4590,20201231,0.3995884339829881
4591,20210104,0.2792775983921005
4592,20210105,1.69250116795012
4593,20210106,0.5580076782942134
4594,20210107,0.764212974212065
4595,20210108,0.4177211176767533
4596,20210111,0.6234142232174544
4597,20210112,0.30142684641566136
4598,20210113,0.4266824678125689
4599,20210114,0.5915532954725036
4600,20210115,0.27110210802609963
4601,20210118,0.22336876013947016
4602,20210119,0.3952402000697396
4603,20210120,0.4597617473385452
4604,20210121,0.4426236798822009
4605,20210122,0.44250981666942196
4606,20210125,0.6629502199032462
4607,20210126,0.5148837326683211
4608,20210127,0.30073662077592683
4609,20210128,0.4461967109311564
4610,20210129,0.8270674253034757
4611,20210201,0.3747061559913066
4612,20210202,0.5001228852992616
4613,20210203,0.42068222721595777
4614,20210204,0.7793339895937241
4615,20210205,0.31286401864233415
4616,20210208,0.9587939267531911
4617,20210209,1.1149847906374188
4618,20210210,0.3680197113525143
4619,20210218,0.3398256648468763
4620,20210219,0.3539621260079687
4621,20210222,0.4699533562975647
4622,20210223,0.7845013774217979
4623,20210224,0.41734838852299344
4624,20210225,0.36321594121057044
4625,20210226,0.8240092242618691
4626,20210301,1.0719094140313996
4627,20210302,0.3447680394035656
4628,20210303,0.2770900148566462
4629,20210304,0.24843492224486866
4630,20210305,0.30363934173816337
4631,20210308,0.6956100570279088
4632,20210309,0.5594694213846366
4633,20210310,0.9134749338967416
4634,20210311,0.45752560532600595
4635,20210312,0.4170848586456449
4636,20210315,0.37789519485760353
4637,20210316,0.5737505053772947
4638,20210317,0.4037873450342736
4639,20210318,0.29338438875614614
4640,20210319,0.35683061792527976
4641,20210322,0.7167184391420778
4642,20210323,0.4857970895797048
4643,20210324,0.3231703751795943
4644,20210325,0.3196852164432487
4645,20210326,0.2598149096619049
4646,20210329,0.19975212906770354
4647,20210330,0.4777781759407319
4648,20210331,0.463639985194615
4649,20210401,0.25208978644825075
4650,20210402,0.16089901134311693
4651,20210406,0.24469584258850802
4652,20210407,0.328233884133802
4653,20210408,0.34328667313051475
4654,20210409,0.3544933689451486
4655,20210412,0.5454289525754729
4656,20210413,0.2454869445424458
4657,20210414,0.3443198215784578
4658,20210415,0.5273879596856246
4659,20210416,0.44082026204164615
4660,20210419,0.5560642590823153
4661,20210420,0.22012336706866673
4662,20210421,0.6679749661844671
4663,20210422,0.3843718134558141
4664,20210423,0.32505342275884974
4665,20210426,0.42078669734061985
4666,20210427,0.8852985688112744
4667,20210428,1.0661046796960798
4668,20210429,0.7304977058061962
4669,20210430,1.5197581780458584
4670,20210506,0.7740506492832897
4671,20210507,0.5001773912918891
4672,20210510,0.6772189481248511
4673,20210511,0.9326027776510836
4674,20210512,0.7592194984237731
4675,20210513,2.0731268226084074
4676,20210514,0.8923415185286157
4677,20210517,0.5438634098018567
4678,20210518,1.1312356005778534
4679,20210519,0.7429740883788121
4680,20210520,1.2910840140360775
4681,20210521,0.7377467348442834
4682,20210524,0.7589368455501698
4683,20210525,0.4894318107592534
4684,20210526,1.5082022632308365
4685,20210527,0.42052773918789804
4686,20210528,0.9096109322659858
4687,20210531,1.815155491707705
4688,20210601,0.6787955824813275
4689,20210602,0.6918363809650193
4690,20210603,0.6517486438051874
4691,20210604,0.6718857375865007
4692,20210607,0.6646402225651782
4693,20210608,0.6234223896776944
4694,20210609,0.7321683226648773
4695,20210610,0.8240342438311821
4696,20210611,0.6538538813124269
4697,20210615,0.46133015605587624
4698,20210616,0.6381680811397346
4699,20210617,0.45052219594185
4700,20210618,0.40530302626370635
4701,20210621,0.7579063461102965
4702,20210622,0.8831916182270839
4703,20210623,0.4105172545684423
4704,20210624,0.495154675068303
4705,20210625,0.35620012275436974
4706,20210628,3.2357538851507375
4707,20210629,1.6922776116804823
4708,20210630,1.2948591195602634
4709,20210701,2.9161079904936855
4710,20210702,1.6685550230447077
4711,20210705,1.3560785536046143
4712,20210706,1.894844467659013
4713,20210707,1.0370882536571915
4714,20210708,1.4077441099625023
4715,20210709,0.7484231483126282
4716,20210712,0.6314018866453648
4717,20210713,0.6513774315031065
4718,20210714,1.1722305296367626
4719,20210715,0.7660218614862762
4720,20210716,1.1150015322210354
4721,20210719,1.5160896121316243
4722,20210720,1.0667310823313783
4723,20210721,0.8712559698368054
4724,20210722,0.9958578145159246
4725,20210723,0.8439064311072823
4726,20210726,1.1006406501183117
4727,20210727,0.5112355732125742
4728,20210728,0.7348247253116645
4729,20210729,0.5947517894202794
4730,20210730,0.7279365992804316
4731,20210802,1.0202559710337116
4732,20210803,0.7554851323567026
4733,20210804,0.6429625153882682
4734,20210805,1.0203729791776923
4735,20210806,0.771365500607564
4736,20210809,0.9502987989753665
4737,20210810,0.4116545368768155
4738,20210811,0.5057422460158376
4739,20210812,0.40574631303191316
4740,20210813,0.7308850644322615
4741,20210816,1.0399330131637694
4742,20210817,0.6932208472929556
4743,20210818,0.6123391598353891
4744,20210819,1.00014460106561
4745,20210820,0.35266667965091053
4746,20210823,0.5087790803483965
4747,20210824,0.3118919802508717
4748,20210825,0.9999244900285128
4749,20210826,0.5539112374872913
4750,20210827,0.5454838420157402
4751,20210830,0.34703303784435846
4752,20210831,0.5060408668864816
4753,20210901,0.6021600455190473
4754,20210902,0.3987382135418602
4755,20210903,0.7221531897501915
4756,20210906,0.5632150000149239
4757,20210907,0.5129484079289022
4758,20210908,0.7722037184573435
4759,20210909,0.6402401089214054
4760,20210910,0.6646066664996783
4761,20210913,0.5359111193436473
4762,20210914,0.5894995132111083
4763,20210915,0.4043600405129214
4764,20210916,0.5833634579694897
4765,20210917,0.3527709778119535
4766,20210922,0.3918085022445577
4767,20210923,0.5698372473838537
4768,20210924,0.49851817239940677
4769,20210927,0.6497363279009606
4770,20210928,0.507312174805509
4771,20210929,0.3697992887814041
4772,20210930,0.28119248402604596
4773,20211008,0.48504267644761007
4774,20211011,0.5423293669777344
4775,20211012,0.6622869313497327
4776,20211013,0.8220827797994621
4777,20211014,0.7823210737295564
4778,20211015,0.3510535472250247
4779,20211018,0.3640077700922614
4780,20211019,0.47327485581244116
4781,20211020,0.38096872961333794
4782,20211021,0.437954494275677
4783,20211022,0.2854978482715632
4784,20211025,0.3616359650133991
4785,20211026,0.8446005275800983
4786,20211027,0.7480850380328864
4787,20211028,0.4760114908193984
4788,20211029,0.37374952235936687
4789,20211101,0.4119696526821061
4790,20211102,0.5032411478990116
4791,20211103,0.3139925782983857
4792,20211104,0.34460624169598153
4793,20211105,0.4882882609579363
4794,20211108,0.4285074148551161
4795,20211109,0.2544480832732132
4796,20211110,0.5298959568144426
4797,20211111,0.26955011721066985
4798,20211112,0.34558800898229997
4799,20211115,0.2889249306204979
4800,20211116,0.42835871718922314
4801,20211117,0.579140129877658
4802,20211118,0.4450479122831611
4803,20211119,0.34268936623452745
4804,20211122,0.28985066109097474
4805,20211123,0.19926798437238366
4806,20211124,0.34010718811548785
4807,20211125,1.398841666885652
4808,20211126,0.6378217770688144
4809,20211129,0.6252303400010938
4810,20211130,0.3600883362491486
4811,20211201,0.3779226880344536
4812,20211202,0.4591676360508744
4813,20211203,0.34926350516254306
4814,20211206,0.2934616159133122
4815,20211207,0.45078874474056035
4816,20211208,0.5265194160797171
4817,20211209,0.441561535274625
4818,20211210,0.4151848251258821
4819,20211213,0.3873460396513666
4820,20211214,0.39870071776960486
4821,20211215,0.5078204012673354
4822,20211216,0.3227489116545072
4823,20211217,0.42619054848908755
4824,20211220,1.167085065305628
4825,20211221,0.5241201767343218
4826,20211222,1.4718527944038609
4827,20211223,0.5815476873136083
4828,20211224,1.5614645146989128
4829,20211227,1.0790174339226861
4830,20211228,0.6715588792706507
4831,20211229,1.1545572867798337
4832,20211230,0.9071196637233858
4833,20211231,2.3303565238301056
4834,20220104,1.435110322508423
4835,20220105,1.3675443241972574
4836,20220106,1.7177138853523082
4837,20220107,1.5265791224982115
4838,20220110,0.9351318109773809
4839,20220111,1.452908364073633
4840,20220112,1.3693860074101531
4841,20220113,1.1193111845495658
4842,20220114,0.7032637481516236
4843,20220117,1.1037886626278794
4844,20220118,0.6220542610686771
4845,20220119,0.9067242550935171
4846,20220120,0.7201824199080323
4847,20220121,0.89661689633681
4848,20220124,0.7441803295135082
4849,20220125,1.1532479886283762
4850,20220126,0.8004656736855974
4851,20220127,0.886243403916665
4852,20220128,0.5473532245081612
4853,20220207,0.4358278673503897
4854,20220208,0.4063505976323067
4855,20220209,0.8938525986095271
4856,20220210,0.5901257793669775
4857,20220211,0.7067799385198403
4858,20220214,0.5193130792089702
4859,20220215,0.7939094811569893
4860,20220216,0.4418938716550534
4861,20220217,0.38106981154048813
4862,20220218,0.40860564602494676
4863,20220221,0.5063729033088878
4864,20220222,0.5788307258218074
4865,20220223,0.5918554728187523
4866,20220224,0.6850602964154165
4867,20220225,0.4244304205704622
4868,20220228,0.5398907740033313
4869,20220301,0.34498798160777366
4870,20220302,0.8704339153051791
4871,20220303,0.7849616826174821
4872,20220304,0.8272978808885432
4873,20220307,0.5736769109942037
4874,20220308,1.0208006818310884
4875,20220309,1.0306045303364482
4876,20220310,0.97887024008414
4877,20220311,0.9277188594264862
4878,20220314,1.0037597841227965
4879,20220315,0.9425953569788564
4880,20220316,0.7907807224283424
4881,20220317,1.3057179380860997
4882,20220318,0.9802012857152068
4883,20220321,0.8337343186985308
4884,20220322,0.7178398121923746
4885,20220323,0.9562471149881521
4886,20220324,0.7364930823403547
4887,20220325,0.8253931146069924
4888,20220328,0.7266754286864113
4889,20220329,1.2751835288787907
4890,20220330,1.2752868523846645
4891,20220331,1.3581269598547359
4892,20220401,0.4732172087293679
4893,20220406,0.9402327896378654
4894,20220407,1.0318502035583474
4895,20220408,0.933782971793915
4896,20220411,0.5771979641771156
4897,20220412,0.5219189430276446
4898,20220413,0.6729579473280446
4899,20220414,0.4367335078907223
4900,20220415,0.6011441906888046
4901,20220418,0.6026560939908611
4902,20220419,0.7403361049155104
4903,20220420,0.6273943727986069
4904,20220421,0.784933586922849
4905,20220422,0.5087119070680473
4906,20220425,0.8475134289254601
4907,20220426,0.4724697212644803
4908,20220427,0.6581268954680946
4909,20220428,0.48775393119251487
4910,20220429,0.5593634331014813
4911,20220505,1.0369666237804591
4912,20220506,0.5438110194697496
4913,20220509,0.6063967535469231
4914,20220510,0.5305897151707737
4915,20220511,0.5153731953182613
4916,20220512,0.7228867730537066
4917,20220513,0.6613394129876424
4918,20220516,1.0183535195076288
4919,20220517,0.48019487131176275
4920,20220518,0.6245799400397917
4921,20220519,0.5201119110766608
4922,20220520,0.6170819321304335
4923,20220523,0.4324308269168484
4924,20220524,1.0077678898359392
4925,20220525,0.5656766180239502
4926,20220526,0.9202434669444521
4927,20220527,0.3918008163079468
4928,20220530,1.0075924320268705
4929,20220531,0.4391451964176157
4930,20220601,0.6993756338310976
4931,20220602,0.6668892076952008
4932,20220606,0.4453675462066166
4933,20220607,1.706879446853856
4934,20220608,0.5009811211010109
4935,20220609,0.7859616817754013
4936,20220610,0.43124357635679084
4937,20220613,0.4834867458371441
4938,20220614,0.5976447498025526
4939,20220615,0.44656394174405095
4940,20220616,0.8106505035783342
4941,20220617,0.6302583700773866
4942,20220620,0.6358178536041706
4943,20220621,0.9046801895624692
4944,20220622,0.8306362125677526
4945,20220623,0.7388695674896512
4946,20220624,0.4835797233565336
4947,20220627,1.4665414686260543
4948,20220628,0.44856581000743023
4949,20220629,0.7690463288737369
4950,20220630,0.9772019500768784
4951,20220701,0.7819041868805047
4952,20220704,0.8130322195379769
4953,20220705,0.5616021759781372
4954,20220706,1.1629677254672952
4955,20220707,0.7336769982021828
4956,20220708,0.6227277334111135
4957,20220711,0.6132127433761673
4958,20220712,0.7061955675809265
4959,20220713,0.46408339323280934
4960,20220714,0.5715188715330586
4961,20220715,0.6978171845249711
4962,20220718,0.4122135273344388
4963,20220719,0.5392585467104763
4964,20220720,0.519782557467854
4965,20220721,0.6151814297946376
4966,20220722,0.633542874363701
4967,20220725,0.3465056434707352
4968,20220726,0.4451940368247504
4969,20220727,0.40919105581032267
4970,20220728,0.2851273817418616
4971,20220729,0.7364819862973074
4972,20220801,0.47538045387040606
4973,20220802,0.8415720136698747
4974,20220803,0.5647986519295031
4975,20220804,0.5395931170784339
4976,20220805,0.4206015170322636
4977,20220808,0.622626696426819
4978,20220809,0.4959352276227527
4979,20220810,0.7101694272968405
4980,20220811,0.5888763726583306
4981,20220812,0.8113094573282679
4982,20220815,0.3995765988897526
4983,20220816,0.4044460209036031
4984,20220817,0.5210050796512172
4985,20220818,0.2864199603275464
4986,20220819,0.24017451799673403
4987,20220822,0.38378442686335695
4988,20220823,0.29351656842713525
4989,20220824,0.5396811597270538
4990,20220825,0.3236152148388435
4991,20220826,0.3033000136656296
4992,20220829,0.39186108767131167
4993,20220830,0.5155449382630043
4994,20220831,0.40744637511156456
4995,20220901,0.4506221899500528
4996,20220902,0.5169693210137805
4997,20220905,0.4843837563258199
4998,20220906,0.30874579884024145
4999,20220907,0.25284678600531985
5000,20220908,0.2844272939747377
5001,20220909,0.4901718874661199
5002,20220913,0.6450435262619152
5003,20220914,0.5747158668719737
5004,20220915,0.5510472439793312
5005,20220916,0.6267962096476033
5006,20220919,0.7748836865966346
5007,20220920,0.3395877646754975
5008,20220921,0.45500043968654824
5009,20220922,0.47261284384222385
5010,20220923,0.41559559952689273
5011,20220926,0.6136167333062926
5012,20220927,0.5909930470737073
5013,20220928,0.49255142701634236
5014,20220929,0.8174255190944574
5015,20220930,0.8673598760910687
5016,20221010,0.7382579802062158
5017,20221011,0.721070758319522
5018,20221012,0.6425643566465026
5019,20221013,0.7202321350803991
5020,20221014,0.9763165048017485
5021,20221017,0.6071729972619481
5022,20221018,1.395250440993425
5023,20221019,0.930763920513492
5024,20221020,0.5308806034272012
5025,20221021,0.6585055375938367
5026,20221024,0.8420712115443275
5027,20221025,1.1310781169736892
5028,20221026,1.6582979414642842
5029,20221027,1.4772896241320357
5030,20221028,0.8528377236801478
5031,20221031,0.9733111360185761
5032,20221101,0.6771135034593291
5033,20221102,1.581120155409799
5034,20221103,0.7951750679417625
5035,20221104,0.5537172166888963
5036,20221107,0.4606463952689928
5037,20221108,0.6723827369366449
5038,20221109,1.2862734782400866
5039,20221110,2.0095190233876776
5040,20221111,1.2000353470297267
5041,20221114,2.083506840105583
5042,20221115,0.7230390093395092
5043,20221116,1.1562752001204704
5044,20221117,1.0195750281157439
5045,20221118,0.9958840718396317
5046,20221121,1.1253165852802312
5047,20221122,1.000529411617401
5048,20221123,1.0611101484441028
5049,20221124,0.47581385991078834
5050,20221125,0.9697286492861189
5051,20221128,0.7231564086877765
5052,20221129,0.7670804626633003
5053,20221130,0.7523301620808415
5054,20221201,1.5577907601339516
5055,20221202,1.4356616603714607
5056,20221205,1.5282036415842633
5057,20221206,2.110431655281419
5058,20221207,2.138784288990568
5059,20221208,1.2432673436080286
5060,20221209,0.9416009068899295
5061,20221212,2.6789178135054934
5062,20221213,1.3498005653393552
5063,20221214,1.991813603896417
5064,20221215,0.7782931859765656
5065,20221216,0.7422949293031452
5066,20221219,1.5191146447974078
5067,20221220,0.7544659771840121
5068,20221221,0.762215636451414
5069,20221222,0.8623663456068396
5070,20221223,0.7613733862964178
5071,20221226,0.7096595275967528
5072,20221227,0.9333279623665811
5073,20221228,0.650811143028973
5074,20221229,0.9394144862902132
5075,20221230,0.5526260974816597
5076,20230103,0.3568110388364442
5077,20230104,0.6038740038087621
5078,20230105,0.40205498974891296
5079,20230106,0.6713741259524061
5080,20230109,0.345065125064014
5081,20230110,0.724752059930636
5082,20230111,0.6824465941094798
5083,20230112,0.6719682947704253
5084,20230113,0.7334395562295641
5085,20230116,0.711584676373611
5086,20230117,0.4976554939103473
5087,20230118,0.5450705519292691
5088,20230119,0.6748330011453328
5089,20230120,0.6219550231435769
5090,20230130,0.4587210844288052
5091,20230131,0.360811926872672
5092,20230201,0.39186986365583915
5093,20230202,0.5556726400667338
5094,20230203,0.846385874680521
5095,20230206,0.5645373648706944
5096,20230207,0.5285706282949657
5097,20230208,0.3566957911199513
5098,20230209,0.29868699451633884
5099,20230210,0.2876918804226926
5100,20230213,0.6567039366224721
5101,20230214,0.4818750291313899
5102,20230215,0.7359896116565002
5103,20230216,0.7421811609555196
5104,20230217,0.7764289612660785
5105,20230220,0.6425072390917647
5106,20230221,0.7187472706665607
5107,20230222,0.5648652790350227
5108,20230223,0.8256272462647205
5109,20230224,0.6319512458240781
5110,20230227,0.6325659948278156
5111,20230228,1.3726812744695074
5112,20230301,0.6337370994353602
5113,20230302,1.604088501107642
5114,20230303,0.650037469695574
5115,20230306,1.3451037984754886
5116,20230307,0.7848535621480531
5117,20230308,0.9794965615270824
5118,20230309,0.89179677721499
5119,20230310,0.5744480837789832
5120,20230313,1.1512171340550246
5121,20230314,0.6196849139238912
5122,20230315,0.8843524681440679
5123,20230316,0.9314586370548086
5124,20230317,1.043259469974557
5125,20230320,1.1933990983101463
5126,20230321,0.5680462451596389
5127,20230322,1.0039790377751563
5128,20230323,1.0542631669966933
5129,20230324,1.0532744196260526
5130,20230327,0.6013097123091601
5131,20230328,1.0637408216434387
5132,20230329,0.705006700182413
5133,20230330,0.5390939350730536
5134,20230331,2.289387400667724
5135,20230403,0.914237397407727
5136,20230404,0.953381384746679
5137,20230406,0.9374260225169753
5138,20230407,0.6487972783957239
5139,20230410,0.5872833275621443
5140,20230411,0.6705093409996081
5141,20230412,0.9111550107746406
5142,20230413,0.8815513225072178
5143,20230414,0.7854810059498677
5144,20230417,0.5031646829402141
5145,20230418,0.7179237246088355
5146,20230419,0.6864939941844403
5147,20230420,0.8210317431107815
5148,20230421,0.7350835400906092
5149,20230424,0.707646324772628
5150,20230425,0.7901037408204714
5151,20230426,0.5843519476345116
5152,20230427,1.3273434725660844
5153,20230428,1.2412013462301905
5154,20230504,1.305048203991835
5155,20230505,1.093591564675523
5156,20230508,1.5211908437872717
5157,20230509,0.849036295354179
5158,20230510,0.9457531773470806
5159,20230511,1.1325722013801471
5160,20230512,0.701666410666208
5161,20230515,0.8988205526778703
5162,20230516,0.9440353117844287
5163,20230517,0.6652018762256323
5164,20230518,0.6986855226355004
5165,20230519,1.10173372728766
5166,20230522,0.7956628115624428
5167,20230523,0.9213098117266197
5168,20230524,0.8888419847051873
5169,20230525,0.6530792189361527
5170,20230526,3.3649533641122376
5171,20230529,1.4218598815287615
5172,20230530,0.9281394953497306
5173,20230531,1.015754649217402
5174,20230601,1.2226388632838068
5175,20230602,0.5079210044734068
5176,20230605,0.6794715614945607
5177,20230606,1.0839948998469917
5178,20230607,0.8950031111369062
5179,20230608,0.7924415450512233
5180,20230609,0.903349208180071
5181,20230612,0.4554457519700688
5182,20230613,0.6860499021074095
5183,20230614,0.7756663289271587
5184,20230615,0.6813744769849739
5185,20230616,0.6330820222326928
5186,20230619,0.8078304596258682
5187,20230620,0.5488399654738163
5188,20230621,0.7276062317127409
5189,20230626,0.6232853649442907
5190,20230627,0.7828598747770863
5191,20230628,0.8683795069560197
5192,20230629,0.7474360067185452
5193,20230630,0.8108479939817879
5194,20230703,0.5592659579562431
5195,20230704,0.5739416685647081
5196,20230705,0.893527825320372
5197,20230706,0.9574303296978984
5198,20230707,0.9560453858759985
5199,20230710,0.5062659281962532
5200,20230711,0.6878359796543272
5201,20230712,0.5959127989286553
5202,20230713,0.2728549154385872
5203,20230714,0.6175769816034741
5204,20230717,0.6477317024737869
5205,20230718,0.48766076090978805
5206,20230719,0.5592067460988492
5207,20230720,0.515679467931383
5208,20230721,0.7613082954212984
