,date,rating
0,19930414,0.9721209075861534
1,19930415,0.6159185897566603
2,19930416,0.4803162359389411
3,19930419,0.7026639695344229
4,19930420,0.8067488885427264
5,19930421,0.8454280791164879
6,19930422,1.3639457838472382
7,19930423,1.3536178798650949
8,19930426,0.4198574590406313
9,19930427,0.5967719725194948
10,19930428,1.5453797577593833
11,19930429,0.8193425020689342
12,19930430,0.4674990168562728
13,19930503,0.7074114692452148
14,19930504,0.7713227771112189
15,19930505,0.8036412194109168
16,19930506,1.342937873236792
17,19930507,0.5921643096175073
18,19930510,0.8906423636388281
19,19930511,1.0703854794221932
20,19930512,0.9073815466542418
21,19930513,0.7863644046788104
22,19930514,1.4599003445549776
23,19930517,1.530815761552594
24,19930518,0.393209204448436
25,19930519,0.5915145192263795
26,19930520,0.8245704507180456
27,19930521,0.6441806101428766
28,19930524,0.9175540595972226
29,19930525,0.940574489809922
30,19930526,0.8111285603280862
31,19930527,0.8077607301583234
32,19930528,0.5124771104763588
33,19930531,1.0505942481452877
34,19930601,0.7028791313854095
35,19930602,0.9935333891628199
36,19930603,1.2458317670144587
37,19930604,0.6288188531892676
38,19930607,0.7038893451896335
39,19930608,0.8709936752216721
40,19930609,0.8299290764639706
41,19930610,1.5406195937548366
42,19930611,0.42103494858725715
43,19930614,0.48525078836404967
44,19930615,0.485570483953478
45,19930616,1.267462846358883
46,19930617,0.6669685978769689
47,19930618,0.6714447556043404
48,19930621,0.2905430835783085
49,19930622,0.5876600763504718
50,19930623,0.5063638129670481
51,19930624,0.17578264384337589
52,19930625,0.46964732460856884
53,19930628,0.5952437112179993
54,19930629,0.9514357225337372
55,19930630,0.41854617877535605
56,19930701,0.770167624034288
57,19930702,0.5320467731340907
58,19930705,0.5867346529360862
59,19930706,0.626006398341791
60,19930707,0.40606023121711826
61,19930708,0.3500849049960215
62,19930709,1.0651718586136862
63,19930712,0.7585874213380217
64,19930713,1.4585284156090985
65,19930714,0.487515488784506
66,19930715,0.6379809973278174
67,19930716,0.19626245886351884
68,19930719,1.6402697118433958
69,19930720,0.7025631220561891
70,19930721,0.5420185393393728
71,19930722,0.30621597092081715
72,19930723,0.6057484259415855
73,19930726,0.4509300099961663
74,19930727,0.48872533333763735
75,19930728,0.7522532369179343
76,19930729,0.6798308710404105
77,19930730,0.7148239528691559
78,19930802,1.0239912414142436
79,19930803,0.7174765483343798
80,19930804,0.5388367436770043
81,19930805,0.5715995055283193
82,19930806,0.9784388501707065
83,19930809,0.778564454937767
84,19930810,0.6322836718860709
85,19930811,0.394074865675729
86,19930812,0.5467273572989801
87,19930813,1.088919153454723
88,19930816,0.6789340636556245
89,19930817,0.935219123425441
90,19930818,0.389702580217148
91,19930819,0.5089130465211987
92,19930820,1.0677686775455713
93,19930823,0.8271660668968995
94,19930824,0.4852121771257011
95,19930825,0.949847586175037
96,19930826,0.7092830511430461
97,19930827,0.40897469072263154
98,19930830,0.5962504031904395
99,19930831,0.4987923943100475
100,19930901,0.3389310452130033
101,19930902,0.2435218527419039
102,19930903,0.65659505214145
103,19930906,0.6359637080317039
104,19930907,0.7754484756079688
105,19930908,0.5214207648542538
106,19930909,0.9665202068390794
107,19930910,0.5972813592268431
108,19930913,0.7947309036608863
109,19930914,0.43399728264271814
110,19930915,0.7138257034483856
111,19930916,0.22615670514128602
112,19930917,1.00063908637006
113,19930920,0.42215325810403886
114,19930921,0.6521079412294442
115,19930922,0.6155652266620031
116,19930923,0.4026515866546826
117,19930924,0.5435474286547806
118,19930927,0.3503656526796285
119,19930928,0.5704728328519667
120,19930929,0.33349545594864277
121,19930930,0.4247005102177685
122,19931004,1.0831987495569546
123,19931005,0.18455379841999597
124,19931006,0.4893890318081378
125,19931007,0.6348095860912549
126,19931008,0.3811565829649803
127,19931011,0.8767818753286072
128,19931012,0.363561321007734
129,19931013,0.512962389477036
130,19931014,0.8259661994915977
131,19931015,0.4326208473851446
132,19931018,1.6877941652748516
133,19931019,0.8808273645085269
134,19931020,0.8075676672908212
135,19931021,0.8256685692705801
136,19931022,0.7909733806723341
137,19931025,2.282253123492424
138,19931026,1.9939570275007008
139,19931027,0.8263768448862656
140,19931028,1.218420154229146
141,19931029,1.3063158740398204
142,19931101,1.4629152333105055
143,19931102,1.4007792626951718
144,19931103,0.8944203491745206
145,19931104,0.5478684440247741
146,19931105,0.687427765104412
147,19931108,0.3173990480035968
148,19931109,0.3823348095445786
149,19931110,0.5536336364413106
150,19931111,0.9449781643666605
151,19931112,0.45486552666307156
152,19931115,0.5827785964450296
153,19931116,1.0903193007882506
154,19931117,0.3826205379317636
155,19931118,0.4479872179244645
156,19931119,0.8618259678025472
157,19931122,0.4601421651206696
158,19931123,0.5009610726505809
159,19931124,0.705501343069055
160,19931125,0.524789640425537
161,19931126,0.9950071554385396
162,19931129,0.841548252928178
163,19931130,0.35608532911242363
164,19931201,0.6220721544423039
165,19931202,0.619304186912505
166,19931203,0.9159878575462382
167,19931206,0.401830490792711
168,19931207,1.8019948971444144
169,19931208,2.322376157208828
170,19931209,1.1082568051953825
171,19931210,1.0701321381831181
172,19931213,0.5361050142275767
173,19931214,1.2318686000437649
174,19931215,1.3291324344116824
175,19931216,1.0278094876817614
176,19931217,0.6282547116240385
177,19931220,0.9216744002082536
178,19931221,1.114668326710862
179,19931222,0.7840763921209695
180,19931223,0.658670562285972
181,19931224,0.4382439942708315
182,19931227,0.33326810213945074
183,19931228,0.5658520393922762
184,19931229,1.508444850089586
185,19931230,1.2472625850124806
186,19931231,0.5949967255717745
187,19940103,0.6466431793437692
188,19940104,0.5693919921002505
189,19940105,0.932513354496191
190,19940106,0.659862124610612
191,19940107,0.5204592662107164
192,19940110,1.1379803256134722
193,19940111,0.770431550725464
194,19940112,0.6756675070841306
195,19940113,0.22213560855803718
196,19940114,1.2198026021341606
197,19940117,0.7878599017583097
198,19940118,0.6169382927099666
199,19940119,0.39176092153283115
200,19940120,1.033745505220125
201,19940121,1.0029589079198027
202,19940124,1.367978759889532
203,19940125,0.530507522459159
204,19940126,0.751973051588977
205,19940127,0.8076254929123549
206,19940128,0.5786649260785303
207,19940131,0.43505778481228935
208,19940201,0.36490711815608273
209,19940202,0.4428224146497465
210,19940203,0.8410626747654315
211,19940204,2.1502959793253376
212,19940214,0.46213511123078865
213,19940215,0.8090497329047819
214,19940216,0.5517428472292304
215,19940217,0.8613360922552732
216,19940218,0.3530922564996386
217,19940221,0.8523894648119495
218,19940222,0.766454490618328
219,19940223,0.8018866209403477
220,19940224,0.5824187118864421
221,19940225,0.9984772528438285
222,19940228,1.641636618199571
223,19940301,1.6948437550776878
224,19940302,0.5462670701152285
225,19940303,0.6136034625446285
226,19940304,0.7214143328014767
227,19940307,0.9709374351953264
228,19940308,0.756840758326078
229,19940309,0.8474141134578098
230,19940310,0.08912749098124913
231,19940311,0.7241148522816223
232,19940314,0.6768691519342204
233,19940315,0.7430998802667443
234,19940316,1.2631848319578096
235,19940317,0.44674685262783864
236,19940318,1.0323524784799547
237,19940321,2.9489325449197783
238,19940322,2.435248178959606
239,19940323,0.7746252332115913
240,19940324,0.9324548371016278
241,19940325,0.5977746283498154
242,19940328,0.6968447320207761
243,19940329,0.7275889044956139
244,19940330,1.2173211846577938
245,19940331,0.9630313677181319
246,19940401,0.9232785983069518
247,19940404,1.1285445591737968
248,19940405,1.1176120782826753
249,19940406,0.796987655669637
250,19940407,1.784183087350276
251,19940408,0.7353115578589781
252,19940411,0.5123789544215449
253,19940412,0.42369665049608696
254,19940413,0.786631768153569
255,19940414,1.0201337922286757
256,19940415,0.697922156018512
257,19940418,0.561189380869086
258,19940419,0.6336469739875914
259,19940420,0.8001583029270295
260,19940421,0.7995966540732323
261,19940422,0.7727172359497524
262,19940425,0.8067989007618185
263,19940426,0.7720100325895943
264,19940427,0.4546053125440005
265,19940428,0.5167582834008151
266,19940429,0.43891310891480767
267,19940503,0.37156150234472624
268,19940504,0.806546386837819
269,19940505,1.030949372430914
270,19940506,0.7177435608496003
271,19940509,0.4811922528667773
272,19940510,0.6432192148986133
273,19940511,0.3412661024299597
274,19940512,0.6006874562237269
275,19940513,0.4933275232505793
276,19940516,0.5303659697190262
277,19940517,0.3867944900134676
278,19940518,0.377842125378458
279,19940519,1.2869277708257794
280,19940520,0.8437058945029196
281,19940523,0.8485216263984099
282,19940524,0.6951107801254539
283,19940525,0.6595164909707677
284,19940526,0.3187648669258456
285,19940527,0.551747168111934
286,19940530,0.4369625685673139
287,19940531,0.7540005296543822
288,19940601,0.45185670534971584
289,19940602,0.4473557148073392
290,19940603,1.5433498329929538
291,19940606,0.43663571791223466
292,19940607,0.77324536032431
293,19940608,0.8732006894298633
294,19940609,1.5361504726046302
295,19940610,0.5661520943887197
296,19940613,0.8080447543689245
297,19940614,0.27668305090286255
298,19940615,0.411934164491764
299,19940616,0.7239874861986564
300,19940617,0.7929570041108853
301,19940620,0.6847549104173537
302,19940621,0.4569008274021457
303,19940622,1.3472669166697124
304,19940623,0.8457038514170098
305,19940624,0.48249323857226784
306,19940627,0.7912979452433275
307,19940628,1.51624360195478
308,19940629,0.45453978314456306
309,19940630,0.7482756640913518
310,19940701,0.4654688787658758
311,19940704,0.60747506388954
312,19940705,0.7060712029643789
313,19940706,0.8760577689905646
314,19940707,1.0582711813166175
315,19940708,0.7983544430998937
316,19940711,0.5518969375379174
317,19940712,0.6836124158543991
318,19940713,0.4307035383236655
319,19940714,0.8874786593449537
320,19940715,0.7116107156993804
321,19940718,1.2413894180513598
322,19940719,0.7295468729966051
323,19940720,0.7389681640732194
324,19940721,1.4602779520463787
325,19940722,0.9414549801756678
326,19940725,0.8800212984252103
327,19940726,1.5250711777170118
328,19940727,1.1198064515722006
329,19940728,0.704220683721398
330,19940729,1.2416239980937305
331,19940801,0.8411389105723703
332,19940802,0.6359012570781831
333,19940803,0.7910495178565495
334,19940804,0.6497913159928074
335,19940805,0.8080476583113296
336,19940808,0.59311257821475
337,19940809,1.084895914800463
338,19940810,0.9581828043758854
339,19940811,0.9849405582781583
340,19940812,0.8658369996651814
341,19940815,0.8203099174746955
342,19940816,0.9432377454027082
343,19940817,0.8743158357786651
344,19940818,1.3679651764100074
345,19940819,0.9005259408198389
346,19940822,0.9303000373107259
347,19940823,0.6598946369181617
348,19940824,0.5557654209152654
349,19940825,0.5508301838825228
350,19940826,0.6526722835884172
351,19940829,0.49884180103999226
352,19940830,1.4271126427418266
353,19940831,0.7645057723843908
354,19940901,0.8446268846490546
355,19940902,1.1137771259497256
356,19940905,1.569434753751077
357,19940906,0.62905626305087
358,19940907,0.8182305597331193
359,19940908,0.7945443214169249
360,19940909,0.6615141187052432
361,19940912,0.9099666210646533
362,19940913,0.6590090589980174
363,19940914,0.7610786746019873
364,19940915,1.4715454375844015
365,19940916,0.8592222993159967
366,19940919,0.5353046201505585
367,19940920,1.1945682855199145
368,19940921,0.8298418019283517
369,19940922,0.8789489408337161
370,19940923,1.275001064398665
371,19940926,1.2268156451961358
372,19940927,0.9287335673069258
373,19940928,0.6210936634270282
374,19940929,0.7999642256803305
375,19940930,0.7693381976919693
376,19941005,1.0234839265612776
377,19941006,0.6904223025875784
378,19941007,1.2258385044720328
379,19941010,1.2251890655224964
380,19941011,0.8234260398521641
381,19941012,0.8215502565289269
382,19941013,1.0161220592890778
383,19941014,1.0748924378906906
384,19941017,1.0635169721075814
385,19941018,0.7621750281605084
386,19941019,1.001219616132302
387,19941020,0.9704045062351357
388,19941021,1.0379242124145238
389,19941024,1.0360138253852664
390,19941025,0.9850329588237356
391,19941026,0.8928839258082493
392,19941027,0.6327958928548486
393,19941028,0.5595852657704316
394,19941031,1.0464240380216665
395,19941101,0.9349508111009741
396,19941102,0.6722110361070516
397,19941103,1.4670906033601765
398,19941104,0.9795620332760313
399,19941107,1.105710099508127
400,19941108,0.8810268530000425
401,19941109,1.0894560245601292
402,19941110,1.1669021202016463
403,19941111,0.95770035782906
404,19941114,1.579171589025095
405,19941115,1.0464366110690075
406,19941116,0.7163510912972111
407,19941117,0.6261410558607385
408,19941118,0.7015926965877863
409,19941121,1.1398953261131473
410,19941122,1.354741732770618
411,19941123,1.1074770345399607
412,19941124,0.7947823322277477
413,19941125,1.197795666492252
414,19941128,0.5942520453532574
415,19941129,1.9066607024097795
416,19941130,1.5646255328504544
417,19941201,1.4203590507412243
418,19941202,0.6650564308064842
419,19941205,0.9830805960043565
420,19941206,0.6756140495797516
421,19941207,0.8924152669513694
422,19941208,0.5275912334307898
423,19941209,0.8350011372254867
424,19941212,0.7192800839219617
425,19941213,0.5631805486461482
426,19941214,0.3034799719730349
427,19941215,0.7919157455679657
428,19941216,0.8526005544541964
429,19941219,0.821796256854209
430,19941220,1.96057822307806
431,19941221,0.7169087038753279
432,19941222,0.516343285036029
433,19941223,1.0605871042172148
434,19941226,0.842884984851591
435,19941227,0.7222900042367657
436,19941228,0.9364924732505323
437,19941229,0.7891347013679002
438,19941230,0.6993315628843574
439,19950103,0.7702584627117971
440,19950104,0.7561373992708305
441,19950105,0.8432448724773534
442,19950106,1.0663704266962855
443,19950109,0.6381434427891536
444,19950110,0.5220429155977472
445,19950111,0.7663993746719804
446,19950112,0.4568490910537087
447,19950113,0.45803249650575195
448,19950116,0.7197666030663304
449,19950117,0.9290986129230381
450,19950118,0.5265089047879404
451,19950119,0.9612407822596964
452,19950120,1.0729800017448226
453,19950123,0.6939775256028768
454,19950124,1.210028693908531
455,19950125,0.8819538113775482
456,19950126,1.0560442213828345
457,19950127,1.2844473599798383
458,19950206,1.105333273125597
459,19950207,0.8310005023627568
460,19950208,0.8909504121239477
461,19950209,2.1093805251619777
462,19950210,0.9065801617138336
463,19950213,0.5808590462865302
464,19950214,0.48917044567157164
465,19950215,1.0014114048930025
466,19950216,0.7133026802905824
467,19950217,0.5652392505696552
468,19950220,3.4168351483516806
469,19950221,0.8591246286754053
470,19950222,0.9381541300802232
471,19950223,0.8600596993854419
472,19950224,0.8117754301704915
473,19950227,1.0113065250506945
474,19950228,0.9233747084651263
475,19950301,0.8935711463648217
476,19950302,1.229711124895901
477,19950303,0.9756930657832017
478,19950306,1.4709558911350733
479,19950307,1.2153630702934568
480,19950308,0.9467182505921408
481,19950309,1.4615996987578217
482,19950310,0.6662255992530257
483,19950313,1.4033493849371148
484,19950314,0.9318357835077851
485,19950315,1.117481636822641
486,19950316,0.984812646679515
487,19950317,0.8562352737383774
488,19950320,0.8060324884938295
489,19950321,1.080199774944682
490,19950322,0.7742173279297376
491,19950323,0.6508882215086773
492,19950324,1.1582273625928372
493,19950327,0.7507151267522563
494,19950328,0.8246337391172747
495,19950329,0.9054370839892273
496,19950330,0.8120197929689593
497,19950331,0.9040391193807166
498,19950403,0.667010552169442
499,19950404,0.4756954837589168
500,19950405,1.1236443347381004
501,19950406,0.9806041138587533
502,19950407,0.5275404423612012
503,19950410,0.6234223221410788
504,19950411,0.4849514697260059
505,19950412,0.6005543791451046
506,19950413,0.9824870268538294
507,19950414,1.4402034680550206
508,19950417,1.2664426394546426
509,19950418,0.9491264115698549
510,19950419,1.1416434475061215
511,19950420,0.9817247061984195
512,19950421,0.5662744154704298
513,19950424,0.6205322504245189
514,19950426,0.9891262755106218
515,19950427,0.8874160338232524
516,19950428,0.7548546443512261
517,19950502,1.5910501619663262
518,19950503,0.9708238158165331
519,19950504,0.8083304671428679
520,19950505,0.831931596006731
521,19950508,0.8262494056049535
522,19950509,0.43617352267758286
523,19950510,1.164767472048849
524,19950511,0.737278603623611
525,19950512,0.8992426436615145
526,19950515,0.6994794249572432
527,19950516,0.6785388509596503
528,19950517,0.9694254702904272
529,19950518,0.5831438724969368
530,19950519,0.7662134961318466
531,19950522,0.8469923464267078
532,19950523,1.023996814297404
533,19950524,0.5270635627299782
534,19950525,1.1368862423817638
535,19950526,0.7960898165093713
536,19950529,0.7763263414512538
537,19950530,0.8393097840424152
538,19950531,0.9437895418953889
539,19950601,0.66277764723542
540,19950602,0.5662514221020812
541,19950605,0.7270919203647673
542,19950606,1.0544776151883062
543,19950607,1.3939325744423492
544,19950608,0.8991841420477741
545,19950609,0.5959751779731285
546,19950612,0.9177468844527108
547,19950613,0.36985372823717927
548,19950614,0.689094190648333
549,19950615,0.7950741343485032
550,19950616,0.7111750731420273
551,19950619,0.5332590587007974
552,19950620,0.9086198137933101
553,19950621,0.5633793692074862
554,19950622,1.020775914556266
555,19950623,0.6798446016188495
556,19950626,0.42584948531753347
557,19950627,0.5738612657947303
558,19950628,0.8475264471734709
559,19950629,0.7803434844464553
560,19950630,0.7727850892120863
561,19950703,0.5319500556575399
562,19950704,0.7056012140591126
563,19950705,0.7538914581715823
564,19950706,0.4719195240053493
565,19950707,0.7945214847474834
566,19950710,0.5837042614449939
567,19950711,0.919710313300658
568,19950712,0.9052302793297218
569,19950713,0.7686526698535799
570,19950714,0.6920393124066844
571,19950717,0.7458116800152741
572,19950718,0.682961513371826
573,19950719,0.5295059224288176
574,19950720,0.29780097206282313
575,19950721,0.3389185464555351
576,19950724,0.4833842070235778
577,19950725,0.3352387236296171
578,19950726,0.5708822929574187
579,19950727,0.4972559965183374
580,19950728,1.0376453773967516
581,19950731,0.5915637530818626
582,19950801,0.8791214165694606
583,19950802,1.157211356468062
584,19950803,0.4317639524537655
585,19950804,0.7212770616303879
586,19950807,0.3967302302028718
587,19950808,0.889717185118797
588,19950809,0.6143237850772645
589,19950810,0.5685342802824779
590,19950811,0.847920900186054
591,19950814,0.5447176650781198
592,19950815,1.0618252507669357
593,19950816,0.2844297982083666
594,19950817,0.6400957481440186
595,19950818,0.29031895977374234
596,19950821,0.664127675204356
597,19950822,0.5021430232018972
598,19950823,0.333969241543031
599,19950824,0.275432827466601
600,19950825,0.35720159644608085
601,19950828,0.21211937445937395
602,19950829,0.5941515489516815
603,19950830,0.36532570274592685
604,19950831,0.4196939415012979
605,19950901,0.3810281348709531
606,19950904,0.7256209107665146
607,19950905,0.8829069200859836
608,19950906,0.38121918109701336
609,19950907,0.3436599421690206
610,19950908,0.6568099932267931
611,19950911,0.510450251105534
612,19950912,0.476949885993765
613,19950913,0.9268826946682566
614,19950914,0.7931549817803093
615,19950915,0.3616626546768588
616,19950918,0.3662082036411694
617,19950919,0.42003168413934183
618,19950920,0.35100146388752523
619,19950921,0.5873039049790514
620,19950922,1.3952602030828298
621,19950925,0.946168550021455
622,19950926,3.0098130378512833
623,19950927,0.50739304934874
624,19950928,0.47690890819094667
625,19950929,0.8625411143969972
626,19951004,3.03624911352201
627,19951005,1.1491747069522542
628,19951006,0.5103196738802671
629,19951009,1.022748333588871
630,19951010,0.9014776207094024
631,19951011,0.40269275522792786
632,19951012,0.5762679466379261
633,19951013,0.7494286134357547
634,19951016,0.7002012979614509
635,19951017,0.7260713512712491
636,19951018,0.45968908899822175
637,19951019,0.6186674849005144
638,19951020,0.8042527531747087
639,19951023,0.8198523797776278
640,19951024,2.1581150785537764
641,19951025,0.8159651015997037
642,19951026,0.5938386084762108
643,19951027,0.49394563479897885
644,19951030,0.5057086935791788
645,19951031,0.5074090745373154
646,19951101,0.7380504766042427
647,19951102,0.5682916712903122
648,19951103,0.45026378312671705
649,19951106,0.4307225423627846
650,19951107,0.36524166971926336
651,19951108,0.8274521926231346
652,19951109,0.5407337388011042
653,19951110,0.47987971236110033
654,19951113,0.43529899343979755
655,19951114,0.9049367472326303
656,19951115,0.37963278241750165
657,19951116,0.4605197174075191
658,19951117,0.466059748206462
659,19951120,0.2659842758003061
660,19951121,0.49574673278355663
661,19951122,0.6387971993383387
662,19951123,1.9186720036213054
663,19951124,0.4152216191624551
664,19951127,0.42437031698068944
665,19951128,0.5968988343103161
666,19951129,0.6684631938624295
667,19951130,0.5256368037303762
668,19951201,0.2726504792254654
669,19951204,0.5933094444567963
670,19951205,0.7468792913463181
671,19951206,0.12429901780548733
672,19951207,0.6148002153869245
673,19951208,1.3424737003053562
674,19951211,0.3047818830582935
675,19951212,1.0165357771996133
676,19951213,0.7556917474664325
677,19951214,0.5046537079726345
678,19951215,0.3862274450588563
679,19951218,1.0267358212709474
680,19951219,0.7242670347500921
681,19951220,0.272357085895439
682,19951221,0.2848511416332605
683,19951222,0.49761479692979926
684,19951225,0.8060287757318869
685,19951226,0.6824202283673814
686,19951227,1.685418132547986
687,19951228,1.1552725502739054
688,19951229,0.7148785697814103
689,19960102,0.7192117791084084
690,19960103,0.8823767357303188
691,19960104,1.166129018020723
692,19960105,1.1287479825120161
693,19960108,1.0080461757718584
694,19960109,0.48342554335319216
695,19960110,0.757622563503665
696,19960111,0.5282457253339315
697,19960112,1.0940253233544481
698,19960115,0.7370999007797974
699,19960116,0.9171042816755326
700,19960117,0.6665337510811401
701,19960118,0.580187871783042
702,19960119,0.5894024746502566
703,19960122,1.7437853858968217
704,19960123,0.7836153301444845
705,19960124,1.5645473111238217
706,19960125,0.5287147707082458
707,19960126,1.224609910893386
708,19960129,0.7238787086237591
709,19960130,0.45451961770100346
710,19960131,0.5560368385583575
711,19960201,0.8708134668334276
712,19960202,0.8628862981460584
713,19960205,0.43549081225690905
714,19960206,0.53174392317915
715,19960207,0.9932424635245618
716,19960208,0.4297206613805134
717,19960209,0.48004793357488146
718,19960212,2.5126396221682303
719,19960213,0.9771856435538421
720,19960214,0.7926543846194416
721,19960215,0.9706353423434756
722,19960216,0.798962297419372
723,19960304,1.0453772305527296
724,19960305,0.878391168217182
725,19960306,0.9609440102157504
726,19960307,0.8180406028688508
727,19960308,1.0258532343957565
728,19960311,0.9636719113453226
729,19960312,1.3310016224634273
730,19960313,0.8585416332731871
731,19960314,0.8728317910674374
732,19960315,1.3295136214944228
733,19960318,0.5223517835873156
734,19960319,0.6168686429379112
735,19960320,0.35896022481078627
736,19960321,0.43529426568396434
737,19960322,0.5308252297599932
738,19960325,1.2626665890427473
739,19960326,1.4170297988038791
740,19960327,0.5317395746636283
741,19960328,1.6438657141411908
742,19960329,0.5679124459933792
743,19960401,0.7198983382762203
744,19960402,1.1226981320654081
745,19960403,0.5801545849797128
746,19960404,0.47540512516245664
747,19960405,0.7542974350071586
748,19960408,0.5659499711214521
749,19960409,0.6240599822207459
750,19960410,0.6339624878619452
751,19960411,0.4149193553905977
752,19960412,0.5217062087960368
753,19960415,0.5601514663991378
754,19960416,0.4350142843673341
755,19960417,0.3828837829401874
756,19960418,0.9052088476739958
757,19960419,0.7386305725281344
758,19960422,0.9650178083292783
759,19960423,0.9269963712393993
760,19960424,1.2167353386776718
761,19960425,0.4530521194309786
762,19960429,0.7919186258631881
763,19960430,0.7492391090117314
764,19960502,0.47359600093401844
765,19960503,0.5868544055519358
766,19960506,0.7639815920025709
767,19960507,0.7546848563460002
768,19960508,0.6387828000889745
769,19960509,0.3536998755544614
770,19960510,0.7088013506755485
771,19960513,0.3495315057666371
772,19960514,0.3044131169800177
773,19960515,0.8650215686592831
774,19960516,0.42493950776055783
775,19960517,1.397874770303844
776,19960520,0.9862021578446922
777,19960521,1.0164290126516213
778,19960522,0.6192598248783824
779,19960523,0.5703308726015666
780,19960524,0.8057217662401809
781,19960527,0.3948504256848793
782,19960528,0.3272418900993744
783,19960529,0.7066498947634551
784,19960530,0.802077423618659
785,19960531,0.504637828661511
786,19960603,0.5218116897135031
787,19960604,0.4886856231292894
788,19960605,0.7216420614713605
789,19960606,1.0533752621581651
790,19960607,0.7366498302800696
791,19960610,0.5448307766793618
792,19960611,0.7108208355896745
793,19960612,1.0911980712803724
794,19960613,1.2006725918909513
795,19960614,1.008274732444476
796,19960617,1.2195004651194707
797,19960618,0.887451521238975
798,19960619,0.6722089341476576
799,19960620,0.7037862097195079
800,19960621,1.1830917383202544
801,19960624,0.9978495420849602
802,19960625,0.7466637051325881
803,19960626,1.0190138079591011
804,19960627,0.8201562594406925
805,19960628,0.7137903830579827
806,19960701,1.7812088903079513
807,19960702,0.47469412518742427
808,19960703,1.3912341577267766
809,19960704,0.8332651107125753
810,19960705,0.9003948906586059
811,19960708,0.9801871178854794
812,19960709,0.7689857687999336
813,19960710,0.9445102849314839
814,19960711,0.725149346027565
815,19960712,0.41917051029840796
816,19960715,0.5105601649849757
817,19960716,0.6755687147262017
818,19960717,1.0983771919489251
819,19960718,0.7485751498085678
820,19960719,0.550176463497281
821,19960722,1.7608635086815028
822,19960723,0.8595443834072016
823,19960724,0.4022285361924074
824,19960725,0.44445898194178374
825,19960726,1.2695867453902037
826,19960729,0.542228347001768
827,19960730,0.7916671873695472
828,19960731,0.7320930042042305
829,19960801,1.0609842778395793
830,19960802,1.4823966422438615
831,19960805,0.9067524720892945
832,19960806,1.440430080342335
833,19960807,0.4514381184727792
834,19960808,0.9074941935641322
835,19960809,0.648342703084083
836,19960812,0.5816930976934478
837,19960813,2.0850323095958947
838,19960814,0.9579888990583909
839,19960815,0.925536606456925
840,19960816,0.3632563322981641
841,19960819,0.8262066609782179
842,19960820,0.7381829371909494
843,19960821,1.0198552358490565
844,19960822,0.8042447882416356
845,19960823,0.593521259941258
846,19960826,0.41614814905503533
847,19960827,1.1354306560640228
848,19960828,0.39346004200499296
849,19960829,0.6188766225141227
850,19960830,0.6230025295303505
851,19960902,0.8397985147737842
852,19960903,0.43214999778025537
853,19960904,0.9455805631427484
854,19960905,0.583648613689835
855,19960906,0.8475813824392546
856,19960909,0.8385031362858717
857,19960910,0.7563709423163425
858,19960911,0.3536946280077136
859,19960912,0.9022747065357472
860,19960913,0.5776991482818029
861,19960916,0.7371951928446796
862,19960917,0.5174544974644251
863,19960918,0.4398108205256222
864,19960919,0.985480353510282
865,19960923,0.44112173416115713
866,19960924,1.138475359083791
867,19960925,0.6704747540070412
868,19960926,1.1010469189716199
869,19960927,2.6755938696693793
870,19961003,1.340292897610391
871,19961004,0.8796441079396051
872,19961007,0.6404477187657619
873,19961008,0.23788876712922633
874,19961009,0.6611686366856208
875,19961010,0.22146166393133263
876,19961011,0.5325405487568595
877,19961014,0.5538275878412257
878,19961015,0.399733500468021
879,19961016,0.44487982690497235
880,19961017,0.2501248077717963
881,19961018,0.5049910438418165
882,19961021,0.4333600579532702
883,19961022,0.6164620835289201
884,19961023,0.4137892693488195
885,19961024,0.4993833968959125
886,19961025,0.3447166732382207
887,19961028,0.5765571932888297
888,19961029,0.5286950101381809
889,19961030,0.8297372858142584
890,19961031,0.6297516874913384
891,19961101,0.8267219119118756
892,19961104,0.3912744252580012
893,19961105,0.3595422924151769
894,19961106,0.7399261526215649
895,19961107,0.7476535208642116
896,19961108,1.2049090386849048
897,19961111,0.991195627488239
898,19961112,0.25347987445931314
899,19961113,0.5129889864142412
900,19961114,0.26499933371781115
901,19961115,0.49129226588876895
902,19961118,0.5492252465585914
903,19961119,0.771055480262883
904,19961120,0.297774990397503
905,19961121,0.9964273838687971
906,19961122,0.5993607143661267
907,19961125,0.963944054694464
908,19961126,0.9091952635526569
909,19961127,0.9964794793143211
910,19961128,0.8273694262452036
911,19961129,0.4606218227815402
912,19961202,0.6184366898289829
913,19961203,0.6722449853709994
914,19961204,0.33340231879551774
915,19961205,0.6923786436629066
916,19961206,0.6719414294340573
917,19961209,0.6467999956768928
918,19961210,0.7694257915062688
919,19961211,0.8471755401984071
920,19961212,0.8865860432952578
921,19961213,0.8246163050028301
922,19961216,0.0
923,19961217,1.765784081710147
924,19961218,0.6726875089889742
925,19961219,1.063925177911689
926,19961220,0.8752823205547393
927,19961223,0.8190883789474971
928,19961224,0.415619915386191
929,19961225,0.4521153500622635
930,19961226,0.6392403602607225
931,19961227,0.6320577892704616
932,19961230,0.33617445447308403
933,19961231,0.48725036493485263
934,19970102,0.963310593354954
935,19970103,0.4626013944313171
936,19970106,0.5593072200904327
937,19970107,0.4061892650428322
938,19970108,0.4711916518094811
939,19970109,0.6789089661878627
940,19970110,0.8054788204512089
941,19970113,0.43342967484313394
942,19970114,0.556178608099092
943,19970115,0.4673272354581144
944,19970116,0.5927833496277706
945,19970117,1.0386412452140201
946,19970120,0.3595057299091614
947,19970121,0.4968461874431435
948,19970122,0.3205577461603177
949,19970123,0.2967648534903498
950,19970124,0.5009371104272178
951,19970127,0.7957508550650495
952,19970128,0.3770787261210439
953,19970129,0.6928658298776859
954,19970130,0.9612587495340092
955,19970131,0.5934136754502582
956,19970217,0.6516829964832028
957,19970218,1.0073491248311257
958,19970219,0.6497566787992707
959,19970220,0.7190361128433276
960,19970221,1.5206668243104196
961,19970224,0.847738732652309
962,19970225,0.5955312614549725
963,19970226,0.5433646060519841
964,19970227,0.8063097130177347
965,19970228,0.5444161531763412
966,19970303,0.8389986534662327
967,19970304,0.48009745698073547
968,19970305,0.7525780554702677
969,19970306,0.5222885830966058
970,19970307,1.1525180249642524
971,19970310,0.5786118702144131
972,19970311,1.428244754621761
973,19970312,0.6929114509036524
974,19970313,0.6371928010589002
975,19970314,1.0785306322982016
976,19970317,0.9726910505924148
977,19970318,0.9585769082842462
978,19970319,0.9004627624343574
979,19970320,1.0175205036237305
980,19970321,1.002598790914051
981,19970324,1.0168080358029534
982,19970325,0.780917532545328
983,19970326,0.6715671642817175
984,19970327,1.4454505653019956
985,19970328,0.7951532140447595
986,19970331,0.9406849980622219
987,19970401,0.856426251577523
988,19970402,1.2249851173771213
989,19970403,0.6756794670544625
990,19970404,0.9011626427379869
991,19970407,1.2736143572050418
992,19970408,0.4690256241009115
993,19970409,1.0262957018177878
994,19970410,1.3029464939536977
995,19970411,0.8307320709968216
996,19970414,0.8873163589311268
997,19970415,0.4714436210191623
998,19970416,0.5838317821400874
999,19970417,0.4838586600609483
1000,19970418,0.7905823663322197
1001,19970421,0.4296484493989568
1002,19970422,0.3700031595736675
1003,19970423,0.7242475238483616
1004,19970424,0.6026936820833031
1005,19970425,0.4132784057946964
1006,19970428,0.9120940349303346
1007,19970429,0.5995923840595193
1008,19970430,0.723122936847799
1009,19970505,0.8118939174813302
1010,19970506,1.2688847818868527
1011,19970507,0.8049913551686546
1012,19970508,0.9530202090396059
1013,19970509,0.8959074209588176
1014,19970512,0.8165734275150486
1015,19970513,0.6951422671947869
1016,19970514,0.7601066285140956
1017,19970515,0.8777710587639311
1018,19970516,0.8880107979092724
1019,19970519,1.043565620791193
1020,19970520,0.8463828900774847
1021,19970521,0.659174420518942
1022,19970522,1.107861221614641
1023,19970523,0.6827929002490096
1024,19970526,0.655635039863324
1025,19970527,0.3644233228762221
1026,19970528,0.6212453203375328
1027,19970529,0.43304974971268445
1028,19970530,0.6509385313722162
1029,19970602,1.0250609651312876
1030,19970603,0.9929126929880473
1031,19970604,0.6655306941253647
1032,19970605,1.247221711561571
1033,19970606,0.9982655127226142
1034,19970609,0.6385207593127527
1035,19970611,0.4878542419108293
1036,19970612,0.9824381247492813
1037,19970613,0.9231864880243066
1038,19970616,0.548516999854978
1039,19970617,0.4906068704667675
1040,19970618,0.6969471288714413
1041,19970619,0.41869336118599654
1042,19970620,0.6474723550648638
1043,19970623,0.5676254396959087
1044,19970624,1.0066652330476937
1045,19970625,0.517440899424728
1046,19970626,0.5937049953639923
1047,19970627,0.5935340362140288
1048,19970702,0.8401148644332104
1049,19970703,1.3596351833664795
1050,19970704,1.7129164148120435
1051,19970707,0.9719063187735535
1052,19970708,0.8999482730159861
1053,19970709,1.011460838090894
1054,19970710,1.120795828703961
1055,19970711,0.9672961123139991
1056,19970714,1.6666172908018375
1057,19970715,0.7457924464200678
1058,19970716,0.8494867875866362
1059,19970717,0.724201235414963
1060,19970718,0.7448301811708103
1061,19970721,1.345766505556121
1062,19970722,0.928687362885678
1063,19970723,0.8802618864876782
1064,19970724,0.6531160433970176
1065,19970725,0.560474316502259
1066,19970728,0.8972663519020811
1067,19970729,1.2952497460276888
1068,19970730,0.4550912593892559
1069,19970731,0.5112340687322481
1070,19970801,1.0525367368532164
1071,19970804,1.1229940057040193
1072,19970805,0.8218163691637294
1073,19970806,0.7242353532204511
1074,19970807,0.5855372074825592
1075,19970808,0.6220731064572459
1076,19970811,1.0751145830798494
1077,19970812,0.6591313060595908
1078,19970813,1.5568309495211063
1079,19970814,0.7056184905568843
1080,19970815,0.5226175726293129
1081,19970818,0.8637003614214146
1082,19970819,0.6926025884037448
1083,19970820,0.7229881114673756
1084,19970821,0.8349174769704336
1085,19970822,0.5991603975261375
1086,19970825,0.38809634174795876
1087,19970826,0.5378892730845966
1088,19970827,0.6589892048841871
1089,19970828,0.4669492572587521
1090,19970829,0.6265633614840393
1091,19970901,0.6426922420511768
1092,19970902,0.6332248668024837
1093,19970903,1.1724726888912365
1094,19970904,0.7039926466523302
1095,19970905,0.7496914031645778
1096,19970908,0.3687339800297061
1097,19970909,0.6953478374781662
1098,19970910,0.4330433528922845
1099,19970911,0.9100948604954382
1100,19970912,0.4829961211371261
1101,19970915,0.7498927851359356
1102,19970916,0.5307025752574779
1103,19970917,1.6310147483926454
1104,19970918,0.5685613723545839
1105,19970919,0.736386705881184
1106,19970922,1.1929896902100083
1107,19970923,0.5901835925283244
1108,19970924,1.1807919502665123
1109,19970925,1.0815570364677327
1110,19970926,0.7529436571258129
1111,19970929,0.8000216440051442
1112,19970930,1.1431676673886313
1113,19971006,0.5955444796805971
1114,19971007,0.6589655930245365
1115,19971008,0.7396585180683883
1116,19971009,0.7996503239780317
1117,19971010,0.3862829548032204
1118,19971013,0.5703911847180154
1119,19971014,0.4666424323853924
1120,19971015,0.42393121135934875
1121,19971016,0.7628422786916801
1122,19971017,0.8172829081661988
1123,19971020,0.7072590625053361
1124,19971021,0.4963430353121947
1125,19971022,0.6228916615045745
1126,19971023,0.789477123641274
1127,19971024,0.634429712736526
1128,19971027,1.0927117626040173
1129,19971028,0.8035731577030827
1130,19971029,0.7642897908511164
1131,19971030,0.5578126818226342
1132,19971031,0.5404917073418926
1133,19971103,0.8106282928417641
1134,19971104,0.6006074450275133
1135,19971105,0.5446931338096128
1136,19971106,0.6424311320027324
1137,19971107,0.9529878976587343
1138,19971110,1.0191703113655164
1139,19971111,0.5398725886299837
1140,19971112,0.41802276603999317
1141,19971113,0.38975203693408716
1142,19971114,0.7738497088950042
1143,19971117,0.8498338771594199
1144,19971118,0.6511570365538742
1145,19971119,0.42517100574233624
1146,19971120,0.605456631437458
1147,19971121,0.6499730410606668
1148,19971124,0.7575695978915501
1149,19971125,0.6201303256278228
1150,19971126,0.47202766186067535
1151,19971127,0.8690284409215547
1152,19971128,0.4852078804203945
1153,19971201,0.7406697904636772
1154,19971202,0.771973063785908
1155,19971203,0.6938450526965669
1156,19971204,0.43643095259616155
1157,19971205,0.5348377931520464
1158,19971208,0.48826315645484375
1159,19971209,1.745415486206224
1160,19971210,0.8730982108681815
1161,19971211,0.6014135929368941
1162,19971212,0.8510105237494553
1163,19971215,0.460635910157619
1164,19971216,0.32329985182464677
1165,19971217,0.7940653550809499
1166,19971218,0.5178071538093636
1167,19971219,2.0500773606648632
1168,19971222,1.2711685516517908
1169,19971223,0.8797888260108389
1170,19971224,1.0514917838825093
1171,19971225,0.5223070688145391
1172,19971226,0.5533758021038808
1173,19971229,0.5111502130812543
1174,19971230,0.6007269108593962
1175,19971231,1.4588500594980658
1176,19980105,0.6733433651817108
1177,19980106,0.3770109951552585
1178,19980107,1.3437239950548103
1179,19980108,0.47356709613759707
1180,19980109,0.720959194896761
1181,19980112,1.0504617970882535
1182,19980113,0.9715350803538961
1183,19980114,0.4099915808809344
1184,19980115,0.6215568097061634
1185,19980116,0.6386850916885828
1186,19980119,0.8803460663473759
1187,19980120,0.6374164807417364
1188,19980121,0.703286983737665
1189,19980122,1.1090910660287998
1190,19980123,0.4712949532512059
1191,19980209,0.8664453554265512
1192,19980210,0.6718956419194785
1193,19980211,0.3383828978696487
1194,19980212,0.5209351358833983
1195,19980213,0.2157789872620702
1196,19980216,0.997046775132429
1197,19980217,0.4849691169330448
1198,19980218,1.1673020053334702
1199,19980219,0.3972527004482709
1200,19980220,0.674795226895209
1201,19980223,0.7032471806128394
1202,19980224,0.5656823818798422
1203,19980225,0.4044370674897702
1204,19980226,0.5117237752461021
1205,19980227,0.628418922436945
1206,19980302,0.37191042836731064
1207,19980303,0.2754196900276081
1208,19980304,0.6323268972775326
1209,19980305,0.45456160496165054
1210,19980306,0.30255916995885307
1211,19980309,0.29143067907631975
1212,19980310,0.3725228567506958
1213,19980311,0.4404692715673942
1214,19980312,0.8598191067286858
1215,19980313,0.5377292327148326
1216,19980316,0.4353301083622863
1217,19980317,1.2923484632778164
1218,19980318,0.6114027396699007
1219,19980319,0.23480191407438758
1220,19980320,0.7214423812066604
1221,19980323,0.9101570548368848
1222,19980324,0.9271884899905264
1223,19980325,0.8704157317131989
1224,19980326,2.0819328341046095
1225,19980327,0.8138589909600533
1226,19980330,0.9293457919330094
1227,19980331,0.9052997546753032
1228,19980401,1.1097552554406533
1229,19980402,1.1680084191461682
1230,19980403,0.6394484356737604
1231,19980406,1.0775562907809777
1232,19980407,0.7072245118012764
1233,19980408,2.0184244964386426
1234,19980409,1.0565959140244885
1235,19980410,0.8120407254616492
1236,19980413,0.7164119343555002
1237,19980414,0.7421337085771613
1238,19980415,0.8303682596682215
1239,19980416,0.5909792815030792
1240,19980417,0.6874839378901196
1241,19980420,0.4929812645968076
1242,19980421,0.4672117619422892
1243,19980422,0.5507253914207705
1244,19980423,0.6477945784231516
1245,19980424,0.6062727890056646
1246,19980427,1.0973335912886912
1247,19980428,0.49834121305780965
1248,19980429,0.90903597838301
1249,19980430,0.7333817838103583
1250,19980504,1.9381678225327472
1251,19980505,0.8680464315100573
1252,19980506,1.1699023702225397
1253,19980507,0.9714976414573112
1254,19980508,0.8566455568493875
1255,19980511,0.6312815849303275
1256,19980512,1.0440235973734693
1257,19980513,0.5671510804436085
1258,19980514,1.0767605928052828
1259,19980515,0.5689728594459204
1260,19980518,0.926934507513601
1261,19980519,0.6306703619544417
1262,19980520,0.5453842040076547
1263,19980521,0.6519176850260013
1264,19980522,0.5405810450984683
1265,19980525,1.0462186761691676
1266,19980526,0.8723216354354034
1267,19980527,1.0667092973141055
1268,19980528,1.0731268675603933
1269,19980529,0.8336381231848451
1270,19980601,0.6129799282779548
1271,19980602,0.7196358751456157
1272,19980603,0.7706737257674326
1273,19980604,1.2495206307567825
1274,19980605,0.6565773524142219
1275,19980608,1.4720902688006692
1276,19980609,1.0880068684931135
1277,19980610,2.15788214225423
1278,19980612,1.287422494689453
1279,19980615,1.335674320096528
1280,19980616,1.4060987076748086
1281,19980617,0.8413327838687082
1282,19980618,1.0739634122698178
1283,19980619,1.781288024327914
1284,19980622,1.1661241459746259
1285,19980623,1.9668432792695774
1286,19980624,1.491048846862728
1287,19980625,1.2026270836305377
1288,19980626,1.7228910302257048
1289,19980629,0.9529194341043736
1290,19980630,1.5700999499035144
1291,19980701,1.2814019408016468
1292,19980702,1.0368331895401168
1293,19980703,1.2478873599150293
1294,19980706,1.544141433474171
1295,19980707,0.8814818006384129
1296,19980708,1.2416816038698717
1297,19980709,0.6571732002340593
1298,19980710,0.8059124822283822
1299,19980713,1.0190280906150802
1300,19980714,1.2990122651251508
1301,19980715,1.9614051737311127
1302,19980716,0.9375342619668665
1303,19980717,0.9236515535337317
1304,19980720,0.5691104011496968
1305,19980721,1.9641023129276536
1306,19980722,1.0084880732456571
1307,19980723,0.9157892623276083
1308,19980724,0.6595454608745525
1309,19980727,1.1716229511815153
1310,19980728,1.4718681014475798
1311,19980729,0.7885983774062183
1312,19980730,1.2623270291873117
1313,19980731,0.8104881184410062
1314,19980803,0.7752508079088379
1315,19980804,0.5834240040118437
1316,19980805,0.704330226736696
1317,19980806,0.8646618188174635
1318,19980807,2.1320800519477987
1319,19980810,1.3516753152078413
1320,19980811,1.299493600453126
1321,19980812,0.920638753660187
1322,19980813,0.9451238990370423
1323,19980814,0.7164941579101121
1324,19980817,0.8400243077503959
1325,19980818,1.2033047317838899
1326,19980819,1.2824718720123025
1327,19980820,0.6964403648291964
1328,19980821,0.6592229684686918
1329,19980824,0.48527873768415747
1330,19980825,0.5442906468745274
1331,19980826,0.7282595154726123
1332,19980827,1.0334465316768182
1333,19980828,1.3536488961945294
1334,19980831,1.070631236400186
1335,19980901,0.848001857925526
1336,19980902,1.215510114378169
1337,19980903,0.8610789871458517
1338,19980904,1.2147879892081943
1339,19980907,1.264185808102366
1340,19980908,0.8129875765178624
1341,19980909,0.6303284166587014
1342,19980910,1.054607197875312
1343,19980911,0.6402116341790373
1344,19980914,1.2782765992185428
1345,19980915,0.9307703308200131
1346,19980916,1.093035539621641
1347,19980917,1.104178879166667
1348,19980918,0.9441103910951102
1349,19980921,0.832629469710284
1350,19980922,0.9020224037083896
1351,19980923,1.2227446523679846
1352,19980924,1.153621548483369
1353,19980925,0.9281339778880583
1354,19980928,0.9616417535295488
1355,19980929,0.8080107179542869
1356,19980930,0.4717679764288644
1357,19981005,1.2838018224675642
1358,19981006,0.6336850667600458
1359,19981007,1.0273011455406225
1360,19981008,1.0120161158807117
1361,19981009,0.6239714997526704
1362,19981012,1.1580567830277406
1363,19981013,0.963851012724619
1364,19981014,0.987663630083416
1365,19981015,1.163027275542911
1366,19981016,0.8686818920588566
1367,19981019,1.2212168140352684
1368,19981020,0.913855020100437
1369,19981021,1.1425084163151145
1370,19981022,0.6722706565981938
1371,19981023,0.48192948944871655
1372,19981026,0.6456759500985885
1373,19981027,0.8922206987592526
1374,19981028,0.8080963280650425
1375,19981029,0.5174709368400648
1376,19981030,0.9957423023847056
1377,19981102,1.0022149708863815
1378,19981103,0.7196575138025431
1379,19981104,0.6972162044816459
1380,19981105,1.5730156286047505
1381,19981106,1.3318179379589312
1382,19981109,0.48844957517239834
1383,19981110,0.7422619447016615
1384,19981111,1.0911002003407966
1385,19981112,1.0328414904921248
1386,19981113,0.9939170033189905
1387,19981116,0.5927341902510169
1388,19981117,4.225902089698475
1389,19981118,0.6528378620108282
1390,19981119,1.076955405857605
1391,19981120,0.9136603855547532
1392,19981123,2.3258727737326663
1393,19981124,0.5181225072030432
1394,19981125,0.8019689649039562
1395,19981126,0.9396806603217579
1396,19981127,0.4768767429406625
1397,19981130,0.7520385862695843
1398,19981201,0.44259960546626376
1399,19981202,0.4562921401286884
1400,19981203,0.46449992511242644
1401,19981204,0.35467411525295295
1402,19981207,0.5128340923093632
1403,19981208,0.9511954460599652
1404,19981209,0.6610420507236234
1405,19981210,0.6464667430280683
1406,19981211,0.7476979573873781
1407,19981214,0.6339790776675913
1408,19981215,0.4716911247637067
1409,19981216,0.7210072444918519
1410,19981217,0.5071769425829107
1411,19981218,1.2397882780433593
1412,19981221,1.093572791619563
1413,19981222,0.7290657940994063
1414,19981223,0.8212481210624387
1415,19981224,0.5990979062191755
1416,19981225,0.8281547373451263
1417,19981228,0.8559655742719542
1418,19981229,0.5246660243966832
1419,19981230,0.9100697434714524
1420,19981231,0.7721003585059506
1421,19990104,1.128679278208968
1422,19990105,0.6313147666822025
1423,19990106,0.9751178071464609
1424,19990107,0.8785772784429151
1425,19990108,1.0104137418661998
1426,19990111,0.8332450832915789
1427,19990112,0.9755127801838231
1428,19990113,0.9105014178076928
1429,19990114,1.108138939236794
1430,19990115,0.8667417313370338
1431,19990118,0.6363069861770303
1432,19990119,1.2267038199528624
1433,19990120,0.3818261641398415
1434,19990121,0.4587531040720228
1435,19990122,0.7248369363350657
1436,19990125,1.0986659476836893
1437,19990126,0.9285967977543732
1438,19990127,0.9645421168650359
1439,19990128,1.2287401417281991
1440,19990129,0.7641758994995095
1441,19990201,0.692562988764271
1442,19990202,0.6985051155394413
1443,19990203,0.4259675689238136
1444,19990204,0.8251787731188381
1445,19990205,1.0212519714748562
1446,19990208,0.6125097169256931
1447,19990209,0.7598633770620407
1448,19990301,0.6133323643835616
1449,19990302,0.5607408064039162
1450,19990303,0.8246566670226003
1451,19990304,0.46017860133380245
1452,19990305,0.582978134868999
1453,19990308,0.7003136041595004
1454,19990309,0.8957859374787094
1455,19990310,0.8382081523784545
1456,19990311,0.3968493884981203
1457,19990312,1.5190698386606343
1458,19990315,0.9111197318604284
1459,19990316,0.7592644628386447
1460,19990317,0.9703558998988273
1461,19990318,1.1812780005470753
1462,19990319,0.5937002488226868
1463,19990322,0.5671609590954048
1464,19990323,0.7031019894566238
1465,19990324,0.790480934852312
1466,19990325,0.6731433829108359
1467,19990326,1.4390987173009402
1468,19990329,1.6261310776995501
1469,19990330,1.6079307311083573
1470,19990331,0.8374549673267611
1471,19990401,0.6433945793882847
1472,19990402,0.6746218061922691
1473,19990405,0.8199477383410112
1474,19990406,0.8757387378462678
1475,19990407,0.9524276569021702
1476,19990408,1.086342358761487
1477,19990409,0.6922092802881419
1478,19990412,1.0393863384569184
1479,19990413,1.1749077241461625
1480,19990414,1.138313022120464
1481,19990415,0.9969774350006443
1482,19990416,1.0524703226395495
1483,19990419,0.7949077935239224
1484,19990420,1.166733523952984
1485,19990421,0.678386154567297
1486,19990422,0.8403716814910493
1487,19990423,0.8666725610254327
1488,19990426,1.6072930447911984
1489,19990427,0.7804170397127647
1490,19990428,1.6418749815061167
1491,19990429,0.5345286391781273
1492,19990430,0.40015477324509724
1493,19990504,0.9560317882775262
1494,19990505,1.7925250636425056
1495,19990506,1.3840453268688382
1496,19990507,1.4854091181093625
1497,19990510,0.8681332706854198
1498,19990511,1.2277571783509642
1499,19990512,3.1754004827427185
1500,19990513,1.4188692511117564
1501,19990514,1.0597713216965252
1502,19990517,1.6652437076979703
1503,19990518,1.2332906512709414
1504,19990519,1.3736223151657665
1505,19990520,1.1027321990952057
1506,19990521,2.392748542770997
1507,19990524,1.542352793700875
1508,19990525,1.312251497910912
1509,19990526,1.1893328270167314
1510,19990527,1.052616300583812
1511,19990528,1.2142339958404178
1512,19990531,0.9770677952568169
1513,19990601,0.7677436469080753
1514,19990602,1.6136318513386372
1515,19990603,1.9633695047409758
1516,19990604,1.7089924610108047
1517,19990607,0.46376300926665265
1518,19990608,1.3901889869613657
1519,19990609,1.1871734087217733
1520,19990610,0.9683838549802097
1521,19990611,0.6405648334143909
1522,19990614,1.012902173338928
1523,19990615,0.7124372694146051
1524,19990616,0.77199828385091
1525,19990617,0.9791055554493104
1526,19990618,1.0538666240076617
1527,19990621,1.0827866592594988
1528,19990622,0.9042945966300466
1529,19990623,1.584281624437255
1530,19990624,1.2864106768254562
1531,19990625,1.9167402292289375
1532,19990628,1.33229905577473
1533,19990630,1.6940120648735304
1534,19990701,0.7062465551257986
1535,19990702,1.1344455748061673
1536,19990705,1.2658798780365537
1537,19990706,1.3911446961278429
1538,19990707,0.9853511965434699
1539,19990708,0.6444938149750815
1540,19990709,0.6564459144297585
1541,19990712,1.0603561106668018
1542,19990713,0.7941455305798897
1543,19990714,0.9652257380950267
1544,19990715,1.217269842654387
1545,19990716,1.0144649040072438
1546,19990719,1.2302587037821
1547,19990720,1.1948023654495965
1548,19990721,1.0860773735945146
1549,19990722,0.9200158153917829
1550,19990723,0.9862778009103225
1551,19990726,1.5559138767371015
1552,19990727,0.735329943006475
1553,19990728,1.7102237593034122
1554,19990729,0.9182795190246231
1555,19990730,1.0772535846234903
1556,19990802,0.729959272803197
1557,19990803,0.47933110395878487
1558,19990804,1.484463944637889
1559,19990805,0.7413498084125415
1560,19990806,1.1964106762996916
1561,19990809,0.6419005176747061
1562,19990810,0.5062892473600455
1563,19990811,1.0001340573025947
1564,19990812,0.5096471640493985
1565,19990813,0.5928088787494923
1566,19990816,1.3151209852327599
1567,19990817,0.8926476631314362
1568,19990818,1.0723458027173733
1569,19990819,1.4462162150439648
1570,19990820,0.793243342369319
1571,19990823,1.2940119543326984
1572,19990824,1.1053538736365933
1573,19990825,0.9251561991080699
1574,19990826,0.5528622963458639
1575,19990827,0.8762469930205999
1576,19990830,0.9273065405848635
1577,19990831,0.5209740983121122
1578,19990901,1.1831915261169472
1579,19990902,0.8423942209032871
1580,19990903,0.9506664159150318
1581,19990906,0.7242288455071294
1582,19990907,0.8411560274994135
1583,19990908,1.3222230721368007
1584,19990909,1.1814197411120981
1585,19990910,1.1332844551267314
1586,19990913,0.8544360827860273
1587,19990914,0.9810681395627753
1588,19990915,0.7811198822165766
1589,19990916,0.589262476260765
1590,19990917,2.420248249960364
1591,19990920,0.8167850606324965
1592,19990921,1.1067718583594441
1593,19990922,0.7581660135868576
1594,19990923,0.9552439793005081
1595,19990924,0.8583225960897357
1596,19990927,2.3850435120369484
1597,19990928,0.7298471892614435
1598,19990929,0.7373260338111883
1599,19990930,1.208851376949951
1600,19991008,0.8280169615275303
1601,19991011,1.0426300269630733
1602,19991012,1.7922668373922186
1603,19991013,0.7863456593631751
1604,19991014,2.5547405977847393
1605,19991015,0.9945876843800789
1606,19991018,1.0209801410999133
1607,19991019,1.8376866643159298
1608,19991020,1.010285967136342
1609,19991021,1.730844852892229
1610,19991022,1.6114125884056392
1611,19991025,1.2460207223861182
1612,19991026,1.998195187313721
1613,19991027,2.055715345734235
1614,19991028,1.5899695419678872
1615,19991029,1.9107527024318793
1616,19991101,1.6137976229946627
1617,19991102,2.0428419360074503
1618,19991103,1.4898198864215229
1619,19991104,0.7278982011278152
1620,19991105,1.6977750663512015
1621,19991108,1.2504767704161286
1622,19991109,0.9196901024726911
1623,19991110,0.7075401538629579
1624,19991111,1.193876550937501
1625,19991112,0.9277916238943078
1626,19991115,0.9403279060644154
1627,19991116,1.7408653464044181
1628,19991117,1.3331288381046156
1629,19991118,1.5382020596257533
1630,19991119,1.1109932450476563
1631,19991122,0.9580857830563221
1632,19991123,1.8749924461982346
1633,19991124,1.0378910637499672
1634,19991125,1.2257003005734721
1635,19991126,0.6452929807638094
1636,19991129,0.7761801004690234
1637,19991130,0.6418247988853243
1638,19991201,2.146020859501377
1639,19991202,0.9249072282966552
1640,19991203,0.7543806450081644
1641,19991206,0.834273042818321
1642,19991207,1.1977994536621974
1643,19991208,0.6089855719762605
1644,19991209,0.8991792325879877
1645,19991210,1.5495423398530663
1646,19991213,0.9698763714218532
1647,19991214,0.701079326837241
1648,19991215,1.6338717474280997
1649,19991216,1.2625130098498296
1650,19991217,0.9980130746297243
1651,19991221,1.3478127380961948
1652,19991222,0.86597827754632
1653,19991223,1.4966975599506245
1654,19991224,1.0106789089101686
1655,19991227,1.125592834843784
1656,19991228,0.9418536798827652
1657,19991229,0.6135601394685721
1658,19991230,0.7641947621492892
1659,20000104,1.6871873504318509
1660,20000105,0.9300791467509747
1661,20000106,1.0770682694288594
1662,20000107,0.6376535320323609
1663,20000110,1.2327280925407014
1664,20000111,0.9889874805830725
1665,20000112,1.3758377298987456
1666,20000113,0.6570506722868383
1667,20000114,1.6181337418974109
1668,20000117,2.0460881915249116
1669,20000118,1.036077083580651
1670,20000119,1.0919108982189252
1671,20000120,1.1237700380705185
1672,20000121,1.2666672232289562
1673,20000124,0.7822952228386268
1674,20000125,0.6238197036703391
1675,20000126,1.403411020704414
1676,20000127,2.0876544755840545
1677,20000128,1.8486391686515566
1678,20000214,0.8804529258947777
1679,20000215,0.22427027008137213
1680,20000216,0.5971729552903512
1681,20000217,1.49255574785865
1682,20000218,1.7121346459022257
1683,20000221,0.0
1684,20000222,2.798346622680774
1685,20000223,1.7462469851285
1686,20000224,1.4250666337768727
1687,20000225,2.236747876952989
1688,20000228,1.9330965150771104
1689,20000229,2.0636684442462765
1690,20000301,1.4725949728527425
1691,20000302,1.699056700440483
1692,20000303,1.041386049330415
1693,20000306,1.2315221572708848
1694,20000307,1.2903277317277495
1695,20000308,0.8274854469771081
1696,20000309,0.7888655208884495
1697,20000310,1.4457471286721912
1698,20000313,1.0396609643053742
1699,20000314,0.8722589466126439
1700,20000315,2.166327581650024
1701,20000316,1.1802920288524068
1702,20000317,1.4451682010415055
1703,20000320,0.6508450059162334
1704,20000321,1.3070725469330058
1705,20000322,0.9153412766855905
1706,20000323,0.5230543600614099
1707,20000324,0.9164576542627019
1708,20000327,0.7924113301614942
1709,20000328,0.6584395923042136
1710,20000329,0.7291265569066931
1711,20000330,0.8462084208584408
1712,20000331,0.8579126854590874
1713,20000403,2.5840678664342174
1714,20000404,1.0762334700163425
1715,20000405,0.4557337513903659
1716,20000406,0.839181410230626
1717,20000407,0.5936149621477328
1718,20000410,0.9118761876891414
1719,20000411,1.1160710334352573
1720,20000412,0.7916760576288967
1721,20000413,0.8389336668859894
1722,20000414,0.8246125223056388
1723,20000417,1.8569118941465825
1724,20000418,1.3416139510621363
1725,20000419,2.7809195741737107
1726,20000420,3.7019063975300694
1727,20000421,2.2932398812148764
1728,20000424,2.0892355794829895
1729,20000425,1.179705032798639
1730,20000426,0.7307383395264075
1731,20000427,0.8035257700451716
1732,20000428,2.1656448457703705
1733,20000508,1.7903188450969532
1734,20000509,1.20191482367716
1735,20000510,1.0614894128339718
1736,20000511,0.8333390421335096
1737,20000512,0.8810604423639633
1738,20000515,0.37354849915804506
1739,20000516,1.6319160913243094
1740,20000517,1.333712647561027
1741,20000518,1.6403501054530214
1742,20000519,1.063527188669257
1743,20000522,1.0926988119543508
1744,20000523,0.9123180507683383
1745,20000524,0.7425496615791413
1746,20000525,0.7549350018762507
1747,20000526,0.6920135137997094
1748,20000529,0.8597324288312005
1749,20000530,0.9510071113594555
1750,20000531,1.4131233454314325
1751,20000601,1.3012214431054212
1752,20000602,1.0432142347941815
1753,20000605,0.6335919763123299
1754,20000606,0.928295860379702
1755,20000607,0.44223207873126635
1756,20000608,0.8273237650508205
1757,20000609,0.5866407575381088
1758,20000612,0.7507320600596175
1759,20000613,0.9661284909309068
1760,20000614,1.124404203134569
1761,20000615,1.6947528116654609
1762,20000616,0.8353098935072393
1763,20000619,0.4019599243218572
1764,20000620,0.9359065310258371
1765,20000621,0.463289939018477
1766,20000622,1.4384193106542973
1767,20000623,1.1182999890722867
1768,20000626,0.8534687728853977
1769,20000627,1.4178974853817725
1770,20000628,1.3971084085123198
1771,20000629,1.2292762645932733
1772,20000703,2.006718532692255
1773,20000704,1.9748381095803735
1774,20000705,1.3380737713701258
1775,20000706,1.9858746098074613
1776,20000707,0.8903109458236431
1777,20000710,0.8980687223917322
1778,20000711,1.6071234026132366
1779,20000712,0.8578120433894856
1780,20000713,2.0593285015635967
1781,20000714,1.0614453511986597
1782,20000717,1.1252590436683327
1783,20000718,0.9085813318568664
1784,20000719,2.4127422211519507
1785,20000720,0.8954357751912292
1786,20000721,0.7128443429596598
1787,20000724,1.204506375318343
1788,20000725,0.6660761098398666
1789,20000726,0.7469523001293742
1790,20000727,0.4662826714116033
1791,20000728,0.741437162087028
1792,20000731,1.2051794851048103
1793,20000801,0.6552164887759476
1794,20000802,1.8978772163266089
1795,20000803,0.6973078503098713
1796,20000804,0.9030750066864256
1797,20000807,0.686760539567759
1798,20000808,0.5760189272465938
1799,20000809,1.311432265423316
1800,20000810,0.8595668966614745
1801,20000811,0.6788778500445386
1802,20000814,1.0989802126824475
1803,20000815,0.432930650097311
1804,20000816,0.7619497608503526
1805,20000817,0.679952763838854
1806,20000818,1.069587834606307
1807,20000821,0.9876672325361482
1808,20000822,0.6108733451529027
1809,20000823,0.6539244259166784
1810,20000824,1.1580590854180683
1811,20000825,1.3060405547195115
1812,20000828,2.0290973604022833
1813,20000829,1.6500442643649924
1814,20000830,1.118418832290051
1815,20000831,1.1066955599562427
1816,20000901,0.8736988129574694
1817,20000904,1.500729838869307
1818,20000905,1.3076991155618807
1819,20000906,1.0256330414964243
1820,20000907,1.8440095430565773
1821,20000908,0.5643276751623685
1822,20000911,0.5785972242616173
1823,20000912,0.8522428467009517
1824,20000913,0.7610424541874726
1825,20000914,0.8095762562256043
1826,20000915,0.6989674295595166
1827,20000918,0.892129028091196
1828,20000919,1.6081503605123095
1829,20000920,3.249028395406082
1830,20000921,1.8585231366530681
1831,20000922,1.2793791474025469
1832,20000925,1.1155438684935268
1833,20000926,0.9017146806486898
1834,20000927,0.9515540849113691
1835,20000928,2.76465180126025
1836,20000929,1.0764820532115704
1837,20001009,1.1090450556569853
1838,20001010,1.0940984743216615
1839,20001011,1.6999840037249891
1840,20001012,1.3853102133971675
1841,20001013,0.6544987808177345
1842,20001016,0.9367168222606662
1843,20001017,1.8181239964582245
1844,20001018,2.9164071618053935
1845,20001019,0.8500524005798952
1846,20001020,1.7388262371797663
1847,20001023,1.2406065512316697
1848,20001024,1.3697730555930971
1849,20001025,1.1634127153704863
1850,20001026,0.7959463336323461
1851,20001027,1.0621076712839785
1852,20001030,1.2880702547623235
1853,20001031,0.7671378250548471
1854,20001101,1.0381530766570686
1855,20001102,3.5291799818397527
1856,20001103,4.1154261862901835
1857,20001106,2.711995173772159
1858,20001107,0.9027733295225603
1859,20001108,3.6243129648554486
1860,20001109,4.190768289321858
1861,20001110,2.299440934030332
1862,20001113,1.6084911318991952
1863,20001114,2.2917845054655985
1864,20001115,2.0060642965593183
1865,20001116,1.58228722583814
1866,20001117,3.4218573305137996
1867,20001120,1.2670720314903126
1868,20001121,1.5653903758715184
1869,20001122,1.4618311315328747
1870,20001123,1.2759651683212725
1871,20001124,1.3458391046406173
1872,20001127,2.1523783316570078
1873,20001128,2.7038701081539447
1874,20001129,1.3069437554441734
1875,20001130,1.1868379214543068
1876,20001201,0.9221499744386557
1877,20001204,1.5365297622629541
1878,20001205,1.0262606530801308
1879,20001206,1.4268779003919838
1880,20001207,1.5198940918100792
1881,20001208,1.9599545716503293
1882,20001211,1.422838203469557
1883,20001212,1.1052529895565637
1884,20001213,1.6473702262887056
1885,20001214,1.2831737443333757
1886,20001215,0.7861837719780569
1887,20001218,1.1569293529651956
1888,20001219,0.8975603896900343
1889,20001220,2.1510351259868994
1890,20001221,0.9995880546990824
1891,20001222,1.3936411207443582
1892,20001225,0.9718786651765332
1893,20001226,1.2757862514991294
1894,20001227,0.9867448298805168
1895,20001228,0.48322399463698273
1896,20001229,1.8856894132812534
1897,20010102,0.9098939270564768
1898,20010103,3.756278905954666
1899,20010104,1.9339906683107162
1900,20010105,1.57222543970673
1901,20010108,1.4157830539478422
1902,20010109,0.8450221021451957
1903,20010110,1.8911847506530997
1904,20010111,1.6525798053298493
1905,20010112,1.212047400081677
1906,20010115,1.028728500160773
1907,20010116,1.0374471542242347
1908,20010117,1.2140312994614744
1909,20010118,0.5360773883275399
1910,20010119,0.9639072426724188
1911,20010205,1.050164789909818
1912,20010206,1.9335655261770612
1913,20010207,1.1965096305416325
1914,20010208,1.314506719386806
1915,20010209,1.2863746052657306
1916,20010212,1.2305130806472668
1917,20010213,1.0894324261172015
1918,20010214,0.8930911733239082
1919,20010215,1.347733178557207
1920,20010216,1.6714819921944981
1921,20010219,1.9052072845966896
1922,20010220,2.167257383249044
1923,20010221,1.2932180783863236
1924,20010222,1.3339788511558885
1925,20010223,1.0961400737144806
1926,20010226,0.7017077405630088
1927,20010227,0.9190157528495033
1928,20010228,1.2923067052125385
1929,20010301,2.3480153204836416
1930,20010302,0.6299069407940965
1931,20010305,1.0417277470476618
1932,20010306,1.1980620795144281
1933,20010307,0.5814639970333878
1934,20010308,0.8427123814917465
1935,20010309,3.734478271858814
1936,20010312,1.6782207888737977
1937,20010313,1.3931812849688474
1938,20010314,0.5914854945226034
1939,20010315,1.1064734977327206
1940,20010316,0.6634955787130327
1941,20010319,0.920836168262617
1942,20010320,1.5381730340708888
1943,20010321,0.7779081074093768
1944,20010322,0.8834384504111222
1945,20010323,1.195678743906756
1946,20010326,0.7985489309338063
1947,20010327,1.5492794281504447
1948,20010328,0.914294101305874
1949,20010329,0.7770182288034192
1950,20010330,0.7377879119617097
1951,20010402,0.8729950575659141
1952,20010403,0.42990885965506537
1953,20010404,0.8853555512191786
1954,20010405,0.479508126881924
1955,20010406,1.7276447981401364
1956,20010409,1.159924934782743
1957,20010410,0.8761252650855372
1958,20010411,0.9124592567461876
1959,20010412,2.4933472071919724
1960,20010413,1.4496128212295922
1961,20010416,1.7832090080812661
1962,20010417,1.2212781145464184
1963,20010418,1.192001593585471
1964,20010419,1.2907828953149192
1965,20010420,1.1812313885602184
1966,20010423,1.231361698311358
1967,20010424,1.2215863498093116
1968,20010425,1.062721380710014
1969,20010426,0.8966239342389889
1970,20010427,0.579081750914532
1971,20010430,0.748847012964935
1972,20010508,0.4917232848802987
1973,20010509,0.8815788052829913
1974,20010510,0.9081239230582304
1975,20010511,1.4829216710511124
1976,20010514,0.9483523097627107
1977,20010515,0.9294770984358549
1978,20010516,1.1600904486661445
1979,20010517,1.1277755069442463
1980,20010518,0.9042001164761123
1981,20010521,0.697874782715754
1982,20010522,0.6583195557171558
1983,20010523,0.6444655840937817
1984,20010524,1.1214736627798698
1985,20010525,0.7045966844210413
1986,20010528,0.6579614241463798
1987,20010529,0.9201222503534064
1988,20010530,0.9439374992348817
1989,20010531,1.0772684955326284
1990,20010601,0.5431787121959362
1991,20010604,0.6048238133196374
1992,20010605,1.1280191880064445
1993,20010606,0.6297087532322045
1994,20010607,0.6359571612546852
1995,20010608,0.9353298365062608
1996,20010611,0.5526524773777729
1997,20010612,0.9952438341747167
1998,20010613,0.7899567770708396
1999,20010614,0.7830005540268593
2000,20010615,0.4266590191001878
2001,20010618,1.6609928885121765
2002,20010619,1.186928675180754
2003,20010620,1.3186724417910853
2004,20010621,0.7134852720735089
2005,20010622,0.667208164542754
2006,20010625,1.1004060576723411
2007,20010626,0.7130261388496456
2008,20010627,0.9018616354043288
2009,20010629,1.0123906875428703
2010,20010702,1.0093416474406123
2011,20010703,0.3493442776996776
2012,20010704,0.5573661264336086
2013,20010705,1.103431343917323
2014,20010706,1.025412805015338
2015,20010709,0.5084806986862649
2016,20010710,0.4028656897605883
2017,20010711,1.0662378843792206
2018,20010712,1.1772671451033028
2019,20010713,0.9159895507745526
2020,20010716,0.8862588216667947
2021,20010717,0.5749821975174051
2022,20010718,1.248458810017895
2023,20010719,0.34655732893971386
2024,20010720,0.30611879626293725
2025,20010723,0.8330677924693438
2026,20010724,1.185878665977583
2027,20010725,1.6219103384947708
2028,20010726,1.5314122102918286
2029,20010727,1.246786394903828
2030,20010730,1.0768873082624604
2031,20010731,1.27168516037626
2032,20010801,0.6371195168465381
2033,20010802,1.2687921144263807
2034,20010803,1.0691872466306314
2035,20010806,1.4015056673640764
2036,20010807,2.1827998738521237
2037,20010808,0.9894743475742235
2038,20010809,0.7344527674097456
2039,20010810,0.9116059985604581
2040,20010813,1.07624865298336
2041,20010814,1.1326728104041195
2042,20010815,0.7277651197224101
2043,20010816,1.546329969446115
2044,20010817,1.9734655147688291
2045,20010820,0.9403541444802177
2046,20010821,0.7742671565002511
2047,20010822,0.949499170913002
2048,20010823,1.1818727970683334
2049,20010824,0.8085492796511952
2050,20010827,0.9644616768903408
2051,20010828,1.2570249432639702
2052,20010829,2.174001334140005
2053,20010830,1.0279464177898303
2054,20010831,1.0961257128974022
2055,20010903,0.957470006401473
2056,20010904,2.9674307534668554
2057,20010905,3.1285310991062976
2058,20010906,1.8088638317371777
2059,20010907,2.1361108237295627
2060,20010910,2.0649846356339743
2061,20010911,1.075762781630869
2062,20010912,1.3370669077924633
2063,20010913,1.2396502657455126
2064,20010914,2.026137248817324
2065,20010917,0.9115160331677642
2066,20010918,1.296942052749826
2067,20010919,3.5940924119850592
2068,20010920,1.8549995296822215
2069,20010921,0.9778625965704435
2070,20010924,2.4749983298420197
2071,20010925,1.854061188232271
2072,20010926,1.217297621289422
2073,20010927,2.1719688904437824
2074,20010928,0.6882001097648279
2075,20011008,1.1878870806974415
2076,20011009,1.2378548690052762
2077,20011010,1.2313587606773944
2078,20011011,1.1194168897700958
2079,20011012,1.4702156283212289
2080,20011015,1.640186217939655
2081,20011016,1.6863133784060518
2082,20011017,1.730935781300141
2083,20011018,0.8076301908505
2084,20011019,1.0143627157865738
2085,20011022,0.7360926448103707
2086,20011023,1.0314818499831189
2087,20011024,1.6013291005353725
2088,20011025,2.129815683615945
2089,20011026,1.2153344287455874
2090,20011029,0.7238002915709582
2091,20011030,1.222177750197684
2092,20011031,0.8101605183715841
2093,20011101,1.2609510408979698
2094,20011102,0.9362589940167068
2095,20011105,0.8697491476695183
2096,20011106,1.9221073217075537
2097,20011107,0.842519499408575
2098,20011108,1.0040444113533697
2099,20011109,1.7595534701058473
2100,20011112,1.171462916030184
2101,20011113,2.382247056949382
2102,20011114,1.068611636095576
2103,20011115,1.4903539360809304
2104,20011116,1.3476498072195127
2105,20011119,0.7054892979912386
2106,20011120,0.6952174608429098
2107,20011121,0.8909840633592903
2108,20011122,1.4761681650530123
2109,20011123,0.8020678274128918
2110,20011126,1.213549912602316
2111,20011127,1.106055330642921
2112,20011128,0.8392352933858425
2113,20011129,1.1887035895870013
2114,20011130,2.2803032696250303
2115,20011203,1.0447384805312945
2116,20011204,0.6765681865621695
2117,20011205,0.8559174316495869
2118,20011206,1.0258835170662146
2119,20011207,1.9780390104681906
2120,20011210,1.0308863774418344
2121,20011211,0.8088068715735409
2122,20011212,0.536195630737395
2123,20011213,1.2093844131919047
2124,20011214,0.4750068182414886
2125,20011217,0.8731258364885621
2126,20011218,0.6331904753125691
2127,20011219,0.7687130279815662
2128,20011220,0.8910918343076167
2129,20011221,0.9007095451538627
2130,20011224,1.4006769670690924
2131,20011225,1.0919301601022084
2132,20011226,1.2866455615922994
2133,20011227,0.6422138834836524
2134,20011231,1.266415424611395
2135,20020104,1.7069406845226378
2136,20020107,0.8961740222739096
2137,20020108,0.8785780127897849
2138,20020109,0.4128447582690773
2139,20020110,1.0380122594413355
2140,20020111,0.706647132837483
2141,20020114,0.7579034241726943
2142,20020115,3.0110599603637915
2143,20020116,2.149075369295818
2144,20020117,0.8429707165811569
2145,20020118,1.2558121829208488
2146,20020121,0.8298270380333588
2147,20020122,1.4528385024100654
2148,20020123,1.1387518254391722
2149,20020124,0.8336330737094765
2150,20020125,1.0485597141915526
2151,20020128,1.698115317733286
2152,20020129,1.3283700042899325
2153,20020130,0.6275923922461465
2154,20020131,1.0930884944596917
2155,20020201,1.3906497285244594
2156,20020204,0.8642959878446094
2157,20020205,0.7672839559499167
2158,20020206,1.2182249990181295
2159,20020207,0.9064384833615133
2160,20020208,1.5525947904827055
2161,20020225,1.3060073736349116
2162,20020226,1.3067698038155282
2163,20020227,0.8222974228622226
2164,20020228,1.4133637029430826
2165,20020301,0.6442619593927299
2166,20020304,0.7564139121085951
2167,20020305,0.7697142100684622
2168,20020306,1.3018053266371918
2169,20020307,0.8374005534687557
2170,20020308,1.078191930807814
2171,20020311,0.7034058608898981
2172,20020312,1.6182711014441191
2173,20020313,0.8193361987336024
2174,20020314,0.9608889799676216
2175,20020315,1.0672468214734205
2176,20020318,0.8688901728300925
2177,20020319,1.6344296245910108
2178,20020320,0.4942384845579676
2179,20020321,0.8023919178569422
2180,20020322,1.2091964386550025
2181,20020325,1.1512558386289315
2182,20020326,0.9930801032675425
2183,20020327,0.75496421112586
2184,20020328,0.8257591901858092
2185,20020329,1.5577506708057052
2186,20020401,0.9679831326759316
2187,20020402,0.946633297191017
2188,20020403,0.6119528708392802
2189,20020404,0.9422861192544603
2190,20020405,0.7625000578823264
2191,20020408,0.5759771067445879
2192,20020409,1.351072912209096
2193,20020410,1.6755710476055983
2194,20020411,1.3479063739709587
2195,20020412,0.5057989293508227
2196,20020415,1.2955579164560478
2197,20020416,3.8004736173792018
2198,20020417,1.4556707822848112
2199,20020418,1.1235197841752822
2200,20020419,1.9887418531725165
2201,20020422,1.0478644036529032
2202,20020423,0.44704023548096783
2203,20020424,1.5174766567030813
2204,20020425,0.8628347454247847
2205,20020426,1.1332101442968152
2206,20020429,1.7301393004878858
2207,20020430,0.7897144543401168
2208,20020508,1.1436129787292346
2209,20020509,1.2335738472518374
2210,20020510,1.4543055941023724
2211,20020513,1.1663007634156062
2212,20020514,1.222004406436238
2213,20020515,1.00444220754127
2214,20020516,1.0045089921384922
2215,20020517,0.8855991544575526
2216,20020520,0.5715344050140556
2217,20020521,1.04619492930987
2218,20020522,0.9278223622000847
2219,20020523,0.6917988579805652
2220,20020527,0.942160774599431
2221,20020528,1.597665072260259
2222,20020529,1.0949710066156741
2223,20020530,0.9908506540261616
2224,20020531,0.9929825029271018
2225,20020603,1.3386208556835504
2226,20020604,0.823511092318985
2227,20020605,0.7615105789748735
2228,20020606,1.1518521208364036
2229,20020607,0.8935439922290428
2230,20020610,0.9721746388039483
2231,20020611,0.9702767183261858
2232,20020612,0.8168660655116076
2233,20020613,1.3732772455697069
2234,20020614,0.592795291717356
2235,20020617,1.2265736816530028
2236,20020618,0.638033522608605
2237,20020619,0.6742969343902244
2238,20020620,0.6850467136812448
2239,20020621,0.7329062448254238
2240,20020624,1.0029074159235818
2241,20020625,0.42390549654292603
2242,20020626,1.6086803144163544
2243,20020628,0.8874278357304323
2244,20020701,1.0864266068538346
2245,20020702,0.7801888930078321
2246,20020703,0.6729982024212319
2247,20020704,0.5868140793819204
2248,20020705,0.9832773987287042
2249,20020708,0.9325052436618531
2250,20020709,0.8415960798935522
2251,20020710,0.8131086571641636
2252,20020711,0.727694354169033
2253,20020712,1.1537677308864713
2254,20020715,0.7553645382648675
2255,20020716,0.9871216723292898
2256,20020717,0.5607517067518086
2257,20020718,0.6602994509917206
2258,20020719,0.6683554916312643
2259,20020722,0.6867743153636859
2260,20020723,0.8124306931414806
2261,20020724,1.2587706915574588
2262,20020725,0.8221576034226903
2263,20020726,0.9438849988146232
2264,20020729,0.48856971262578347
2265,20020730,0.518922834620701
2266,20020731,0.82212900201206
2267,20020801,0.6357396610129882
2268,20020802,1.428659380496229
2269,20020805,1.1107731384587585
2270,20020806,0.7526385819862844
2271,20020807,1.172985804617116
2272,20020808,0.7956160369543461
2273,20020809,1.1423640497945755
2274,20020812,0.7167480800569019
2275,20020813,0.7366365689778018
2276,20020814,1.0962285031728702
2277,20020815,0.6232034268583667
2278,20020816,1.1153175773513841
2279,20020819,0.8303019978133995
2280,20020820,0.6690327371635856
2281,20020821,0.6578092234478209
2282,20020822,1.1240592081258807
2283,20020823,1.018936405194998
2284,20020826,1.04217219986701
2285,20020827,2.491461247313533
2286,20020828,0.7057531665497369
2287,20020829,1.007983364730933
2288,20020830,0.6902556183327303
2289,20020902,1.0315253535227624
2290,20020903,1.5296018815264225
2291,20020904,0.5850091543482444
2292,20020905,1.0359621988896457
2293,20020906,1.6542699982261535
2294,20020909,2.4556580744894103
2295,20020910,1.67987426995476
2296,20020911,2.351717079337974
2297,20020912,1.100497752392649
2298,20020913,1.7948648293124507
2299,20020916,0.9184804841934007
2300,20020917,1.1015480525218622
2301,20020918,2.5692986048475586
2302,20020919,0.9406790647380879
2303,20020920,0.9454833651014871
2304,20020923,0.9592124445984938
2305,20020924,1.211942100638455
2306,20020925,1.0043218191661967
2307,20020926,1.19235630721514
2308,20020927,1.7909215644841563
2309,20021008,2.6402239973012502
2310,20021009,1.5519463247864524
2311,20021010,1.2737568203757483
2312,20021011,0.9811059284213955
2313,20021014,0.7408093136775995
2314,20021015,0.5714263695470853
2315,20021016,0.8902874806454486
2316,20021017,1.6997759367708811
2317,20021018,0.7606483009320595
2318,20021021,0.7573585430856481
2319,20021022,1.2596706933329826
2320,20021023,0.9754618442742621
2321,20021024,0.7956457168862053
2322,20021025,1.551036417471851
2323,20021028,1.3689054016549318
2324,20021029,2.018481178645091
2325,20021030,1.0337596169674146
2326,20021101,0.7245094956688548
2327,20021104,1.660388478171626
2328,20021105,0.7934024624237074
2329,20021106,1.0059049513271108
2330,20021107,0.632403878883581
2331,20021108,1.392963532049689
2332,20021111,1.1409977483906606
2333,20021112,1.1690205540495588
2334,20021113,1.8495107448881354
2335,20021114,1.3139260080264563
2336,20021115,1.47890960673664
2337,20021118,1.0478412619670858
2338,20021119,0.9863217800607191
2339,20021120,0.6739719703846643
2340,20021121,2.1621113815419335
2341,20021122,1.0312943602755145
2342,20021125,0.6414115660455052
2343,20021126,1.5730316487429923
2344,20021127,1.414045203301123
2345,20021128,1.8039840983226025
2346,20021129,1.4079393145040195
2347,20021202,1.2370538344209157
2348,20021203,0.9584537803473349
2349,20021204,1.2159580122592193
2350,20021205,1.1978944419936386
2351,20021206,1.513889367588402
2352,20021209,1.646501089631661
2353,20021210,1.148437791837344
2354,20021211,0.8901886764610715
2355,20021212,2.61468525858213
2356,20021213,1.5982766168349312
2357,20021216,1.0103629095580067
2358,20021217,1.059736965188821
2359,20021218,3.03763274804032
2360,20021219,1.1053307495711002
2361,20021220,1.1291164740009119
2362,20021223,1.2703711487170728
2363,20021224,0.6407055257579296
2364,20021225,1.3641792666566037
2365,20021226,1.3108226537249636
2366,20021227,1.2720954902539736
2367,20021230,0.8469692182929257
2368,20021231,0.7068294160414315
2369,20030102,0.9606031693761027
2370,20030103,3.417488403482474
2371,20030106,2.6827100576548575
2372,20030108,0.9801141060422297
2373,20030109,3.294281878262811
2374,20030110,1.3428825509400164
2375,20030113,4.168177370307426
2376,20030114,0.9286753012369378
2377,20030115,0.7137166653942073
2378,20030116,1.5703339706092843
2379,20030117,1.5013940466790732
2380,20030120,0.8947128020896971
2381,20030121,1.1713018591888014
2382,20030122,1.117765983054822
2383,20030123,1.8361947895669222
2384,20030124,0.9954120335764841
2385,20030127,0.7242068004805254
2386,20030128,1.553848366829749
2387,20030129,3.681280236240185
2388,20030210,1.3852095934050968
2389,20030211,0.813473657959664
2390,20030212,2.0144770566526353
2391,20030213,1.5711269936006367
2392,20030214,0.9640445077697152
2393,20030217,1.2710735803119544
2394,20030218,1.3526181526251015
2395,20030219,0.44314500676675417
2396,20030220,1.1136172896476206
2397,20030221,1.182835530297184
2398,20030224,1.0178152481891594
2399,20030225,0.969119619730193
2400,20030226,0.6533611909115932
2401,20030227,1.613682887719336
2402,20030228,0.7956303300706787
2403,20030303,0.7382122065750795
2404,20030304,0.9332834237175414
2405,20030305,1.0459613276486235
2406,20030306,1.205149825051933
2407,20030307,1.1448774655856682
2408,20030310,0.9647474595317626
2409,20030311,1.1636516104224512
2410,20030312,0.8993802019989573
2411,20030313,1.0008988260901721
2412,20030314,1.035466458329453
2413,20030317,1.5138288130634263
2414,20030318,2.0226969063612295
2415,20030319,0.9170788936271008
2416,20030320,0.6343331821129172
2417,20030321,1.3715080460018074
2418,20030324,0.9429468742689756
2419,20030325,1.137718470878456
2420,20030326,1.6899804346517229
2421,20030327,0.9009980830410822
2422,20030328,1.272989596685098
2423,20030331,1.4244287629197863
2424,20030401,1.4368417486998586
2425,20030402,0.7808331175443625
2426,20030403,0.9146778673534556
2427,20030404,0.8416164388508515
2428,20030407,1.0475097432559672
2429,20030408,1.224877744796331
2430,20030409,0.7952002847934071
2431,20030410,0.7515686969040472
2432,20030411,0.5785596876256555
2433,20030414,1.1935975848335378
2434,20030415,0.6998877171124495
2435,20030416,0.9571428576041343
2436,20030417,1.6914546911089527
2437,20030418,0.7570318918860965
2438,20030421,1.0084522914665253
2439,20030422,1.8199462180386312
2440,20030423,0.8569117120134404
2441,20030424,0.8807296004568154
2442,20030425,0.8844100442754933
2443,20030428,0.8364432908284619
2444,20030429,1.198322673407855
2445,20030430,0.6304955685904972
2446,20030512,1.0173958989909972
2447,20030513,1.0185407955926358
2448,20030514,0.9391841622072354
2449,20030516,1.831467948043643
2450,20030519,1.9505559616906638
2451,20030520,1.054893445634325
2452,20030521,1.5241806494083567
2453,20030522,0.5994423098781688
2454,20030523,0.9967441205240902
2455,20030526,0.9204428392530978
2456,20030527,0.9843257722112186
2457,20030528,1.3350283047562794
2458,20030529,2.1350403467235184
2459,20030530,0.7942544344591551
2460,20030602,0.9889350262636706
2461,20030603,0.9195405843801294
2462,20030604,0.6707155968571842
2463,20030605,1.217768782228662
2464,20030606,1.0654269311191564
2465,20030609,0.5424365575083107
2466,20030610,1.0424536440345793
2467,20030611,1.0250364134860128
2468,20030612,1.0141088948203156
2469,20030613,1.6540885179437577
2470,20030616,2.3687222590309034
2471,20030617,0.9168768346629979
2472,20030618,1.1652219161711033
2473,20030619,1.0334011660641051
2474,20030620,0.7340507862351564
2475,20030623,3.1787846121499106
2476,20030624,1.0170229044000028
2477,20030625,1.2450894909104775
2478,20030626,1.7970504324183632
2479,20030627,1.1556237077307892
2480,20030630,1.3868945096452188
2481,20030701,0.7033643207250829
2482,20030702,0.7476458903590175
2483,20030703,1.5502879222899197
2484,20030704,0.6428080109860148
2485,20030707,1.1297417191813472
2486,20030708,1.2122972148499749
2487,20030709,2.266816249362896
2488,20030710,1.3701898756294368
2489,20030711,1.4114199345563019
2490,20030714,1.1366542398141437
2491,20030715,1.2113728045490206
2492,20030716,1.1022637352578626
2493,20030717,0.9946369221504608
2494,20030718,0.7861667367154831
2495,20030721,0.8608226678474779
2496,20030722,1.063793382087362
2497,20030723,1.3223345907407
2498,20030724,1.3658003247099062
2499,20030725,1.2092420235422883
2500,20030728,1.04356419175438
2501,20030729,0.6772451469403216
2502,20030730,1.141724678042492
2503,20030731,1.2349335320556238
2504,20030801,1.4178196639266958
2505,20030804,1.1545065728980366
2506,20030805,0.8907220612432493
2507,20030806,0.7401890530400915
2508,20030807,0.8887676899773398
2509,20030808,1.1663254064316346
2510,20030811,0.9861441735755873
2511,20030812,1.0350661348168066
2512,20030813,1.9310417389612222
2513,20030814,1.4233497077703987
2514,20030815,1.1212506920745298
2515,20030818,0.9386762487481531
2516,20030819,0.9724949394975728
2517,20030820,0.9657673943439731
2518,20030822,0.9108217235917244
2519,20030825,0.6364524061123646
2520,20030826,0.8119567190524316
2521,20030827,0.42152946134502717
2522,20030828,0.8578580826471723
2523,20030829,0.5130294296322501
2524,20030901,0.7418746246167989
2525,20030902,1.7426982577896535
2526,20030903,1.1311556616468355
2527,20030904,0.9432213135913285
2528,20030905,1.4807822872996774
2529,20030908,1.5767578322826996
2530,20030909,0.8764488948228184
2531,20030910,0.686878554592093
2532,20030911,0.40444343170249025
2533,20030912,1.2351111189091648
2534,20030915,1.6952718980129589
2535,20030916,1.550890839522699
2536,20030917,0.9300957901017721
2537,20030918,0.8423733658728395
2538,20030919,1.1990819393171883
2539,20030922,0.308004790948194
2540,20030923,1.4286165633854764
2541,20030924,0.8258853474718079
2542,20030925,0.8421413939594589
2543,20030926,0.9905005878711262
2544,20030929,1.4064838524112846
2545,20030930,0.7238258693035154
2546,20031008,1.207172348399377
2547,20031009,1.234125287365038
2548,20031010,0.8231880584896399
2549,20031013,0.5411995569792186
2550,20031014,1.3202787708033215
2551,20031015,0.9048067638281394
2552,20031016,1.114618695473449
2553,20031017,0.9704633277436975
2554,20031020,2.889273436518464
2555,20031021,4.020747324224938
2556,20031022,1.1325160495242648
2557,20031023,1.3177348910904583
2558,20031024,1.4178169173305313
2559,20031027,2.345843695585545
2560,20031028,0.8736737089653279
2561,20031029,1.1428451320653965
2562,20031030,0.8789119407944989
2563,20031031,0.9208978180622676
2564,20031103,0.587050233970886
2565,20031104,0.9585980634477481
2566,20031105,1.0195832223243249
2567,20031106,2.463153786091931
2568,20031107,1.7530323541885837
2569,20031110,1.6984993916334057
2570,20031111,0.656131805889761
2571,20031112,1.5332250623519865
2572,20031113,2.078171703610418
2573,20031114,1.580674854017785
2574,20031117,1.0283218897967674
2575,20031118,1.069971681049832
2576,20031119,2.6311316878443507
2577,20031120,2.2403486318135064
2578,20031121,1.6472907485755854
2579,20031124,2.387871004447561
2580,20031125,1.9755157646760513
2581,20031126,1.1114458233788818
2582,20031127,1.8698176522050454
2583,20031128,2.2304760066820193
2584,20031201,1.3699145558161174
2585,20031202,1.497842406144278
2586,20031203,0.831995031660371
2587,20031204,0.7941777365948522
2588,20031205,0.9991462425445791
2589,20031208,1.6942095607962715
2590,20031209,1.1754746471269486
2591,20031210,1.7598317786196553
2592,20031211,1.3829878703768899
2593,20031212,0.8867302146579826
2594,20031215,0.8220880403620159
2595,20031216,1.3157304747032987
2596,20031217,1.1020330419475786
2597,20031218,1.6489989910630245
2598,20031219,2.1559706398399996
2599,20031222,1.8068516805831283
2600,20031223,1.420755840768302
2601,20031224,1.2752416404511302
2602,20031225,1.0266067695104
2603,20031226,1.4262486357380761
2604,20031229,2.525307943821074
2605,20031230,3.900524263631586
2606,20031231,1.844424911400243
2607,20040102,1.6237795246740758
2608,20040106,1.3537108760411787
2609,20040107,0.6727451320487258
2610,20040108,1.4408523091502943
2611,20040109,1.9745997335128618
2612,20040112,2.653462764461143
2613,20040113,1.8708019092017274
2614,20040114,1.2903445289271425
2615,20040115,1.377596628721296
2616,20040116,1.6151210750487583
2617,20040129,1.8948142542033086
2618,20040130,1.2920418737117112
2619,20040202,0.9903574744943746
2620,20040203,0.7105950954633182
2621,20040204,0.745777449380671
2622,20040205,0.9578786452130551
2623,20040206,1.0659640279754805
2624,20040209,1.1208783221281644
2625,20040210,2.5307764959802275
2626,20040211,1.571801314827955
2627,20040212,0.9773569089939461
2628,20040213,1.4097503534911515
2629,20040216,1.5654312596514441
2630,20040217,1.0176753755492072
2631,20040218,1.6426980758104832
2632,20040219,1.1460361877495464
2633,20040220,1.4206148042095532
2634,20040223,0.714297601606449
2635,20040224,0.9721718084733826
2636,20040225,1.4486264972410485
2637,20040226,0.7327802881780467
2638,20040227,0.8208586195742024
2639,20040301,1.1339267851207933
2640,20040302,0.8599480134562009
2641,20040303,1.2237496827628667
2642,20040304,0.9554069245415371
2643,20040305,0.9939291612868858
2644,20040308,1.7939938588190594
2645,20040309,0.983966185522279
2646,20040310,1.387195309103937
2647,20040311,1.3263299860720086
2648,20040312,1.3257551957875815
2649,20040315,0.9686395523102365
2650,20040316,1.5198245598990607
2651,20040317,0.9956988635747254
2652,20040318,0.7678074699020453
2653,20040319,0.7852284799641547
2654,20040322,1.007191416896922
2655,20040323,3.2555748085602323
2656,20040324,1.4110245730408035
2657,20040325,1.4388090872839956
2658,20040326,0.9576594041925808
2659,20040329,0.9590223756547526
2660,20040330,0.8641476602093526
2661,20040331,1.1345281406330805
2662,20040401,1.2851907304953796
2663,20040402,0.5978963593438098
2664,20040405,1.7882152980521968
2665,20040406,0.8344035658813806
2666,20040407,1.4840577431246675
2667,20040408,1.1474287269463712
2668,20040409,0.8666510879284561
2669,20040412,0.7982943444715452
2670,20040413,0.9539510288106763
2671,20040414,0.9192625712923477
2672,20040415,1.5349311147126157
2673,20040416,0.8663037068824979
2674,20040419,0.42223699790634533
2675,20040420,0.7380906103481512
2676,20040421,1.0235561378145384
2677,20040422,0.7035229365262887
2678,20040423,1.3641358529436929
2679,20040426,0.5785726981276271
2680,20040427,1.6645812514932639
2681,20040428,1.1567366601543136
2682,20040429,1.2472806046476441
2683,20040430,0.6459412339512118
2684,20040510,0.8584629364635135
2685,20040511,0.5134005452729492
2686,20040512,1.2182265281244056
2687,20040513,0.7896821208879241
2688,20040514,0.8090734630869358
2689,20040517,1.8314027802150576
2690,20040518,0.8386582596270723
2691,20040519,0.9360799817288767
2692,20040520,0.6897461546202611
2693,20040521,0.953964268253454
2694,20040524,1.183309589811711
2695,20040525,1.343950560785821
2696,20040526,0.9801190800134025
2697,20040527,1.0280898295984124
2698,20040528,0.9436473024602656
2699,20040531,0.9721500735040643
2700,20040601,0.7673892876323866
2701,20040602,1.0245994433610237
2702,20040603,1.1207595229236647
2703,20040604,1.5768494780773186
2704,20040607,0.8685124016164214
2705,20040608,0.9976910064159578
2706,20040609,2.0359757089325097
2707,20040610,2.8633913662951365
2708,20040611,1.3336889180721554
2709,20040614,1.8866679957478476
2710,20040615,0.8347562216226311
2711,20040616,1.2948233455732412
2712,20040617,1.1370889974599887
2713,20040618,1.0261550364588363
2714,20040621,2.1535650886202533
2715,20040622,1.907383351388933
2716,20040623,1.034190058228618
2717,20040624,0.6966895276200412
2718,20040628,1.6235385150005455
2719,20040629,1.3330679612601768
2720,20040630,0.6517125320533681
2721,20040701,1.284844657059879
2722,20040702,1.3147548542305103
2723,20040705,1.1454137077998152
2724,20040706,0.9270555864452072
2725,20040707,2.197562158082929
2726,20040708,2.315961327878089
2727,20040709,0.8897894576811237
2728,20040712,1.7887252206744366
2729,20040713,0.7241968761686692
2730,20040714,1.269142438911661
2731,20040715,1.1925873031542469
2732,20040716,1.2016184377920665
2733,20040719,1.366752044120139
2734,20040720,1.004680178823433
2735,20040721,0.935239003227741
2736,20040722,1.7358921579835487
2737,20040723,2.748835418588249
2738,20040726,1.28783626058353
2739,20040727,0.9191737427851454
2740,20040728,0.988595695873694
2741,20040729,1.938091086053818
2742,20040730,1.533396500018235
2743,20040802,1.1060723293206112
2744,20040803,1.1008783448417798
2745,20040804,0.9566677126508543
2746,20040805,0.8795311522642019
2747,20040806,1.2246676795117488
2748,20040809,1.2531208238875269
2749,20040810,1.189735972360058
2750,20040811,0.8238615745921515
2751,20040812,0.8567513015259719
2752,20040813,0.48833274255379244
2753,20040816,0.8636251886017872
2754,20040817,0.8489650970808776
2755,20040818,1.4772456638293454
2756,20040819,1.5868234025815289
2757,20040820,2.7275466524127276
2758,20040823,1.3238667214838238
2759,20040824,3.068902139171879
2760,20040825,2.5312726853060843
2761,20040826,2.541949958557331
2762,20040827,1.765642327552879
2763,20040830,1.9878016721335008
2764,20040831,2.1911071170561747
2765,20040901,2.6922020140758374
2766,20040902,0.8592932316287646
2767,20040903,1.5459263405239116
2768,20040906,0.8606767260505886
2769,20040907,1.516825428278392
2770,20040908,1.0700421700491631
2771,20040909,1.6097739504948305
2772,20040910,0.9891367695593278
2773,20040913,3.2455433078431803
2774,20040914,1.9826439676999794
2775,20040915,1.5006947742770262
2776,20040916,0.8630946984412404
2777,20040917,1.244688377034207
2778,20040920,1.5374158009657382
2779,20040921,0.8629883524502877
2780,20040922,0.9332293175935168
2781,20040927,1.612319177635265
2782,20040928,1.2588899290866138
2783,20040929,1.1365179263228782
2784,20040930,2.2936846027986912
2785,20041008,0.9813240264803896
2786,20041011,2.0819308256320217
2787,20041012,0.6264600767031386
2788,20041013,1.9280025809415302
2789,20041014,1.192961379849325
2790,20041015,2.385247788790934
2791,20041018,1.310209547308588
2792,20041019,1.6289374229445184
2793,20041020,1.7858116356332723
2794,20041021,0.8887893732176417
2795,20041022,1.8180567802452996
2796,20041025,1.6912595915103907
2797,20041026,0.8644051130397458
2798,20041027,1.0937068635219414
2799,20041028,1.5368209604971885
2800,20041029,2.18778686568351
2801,20041101,1.6172483682387082
2802,20041102,1.2828458849211972
2803,20041103,1.3586132637371242
2804,20041104,1.289286460560795
2805,20041105,1.0824613187710597
2806,20041108,0.960488879866951
2807,20041109,1.4466017692670956
2808,20041110,1.4659641851139487
2809,20041111,1.98072575485424
2810,20041112,1.1526289777158907
2811,20041115,0.982182961303427
2812,20041116,1.5748384791420567
2813,20041117,1.1628098679489518
2814,20041118,1.4301789396582556
2815,20041119,1.462431909087426
2816,20041122,3.0511668359774493
2817,20041123,1.9163232872625022
2818,20041124,1.72854973304945
2819,20041125,2.371389306536065
2820,20041126,0.9708684298258877
2821,20041129,1.0205759887696977
2822,20041130,0.7941737490782009
2823,20041201,1.8422055127050634
2824,20041202,1.7550342779386454
2825,20041203,0.8216868514824364
2826,20041206,1.1383198297218187
2827,20041207,1.2607612972549276
2828,20041208,3.9295324242073555
2829,20041209,1.7506284708407946
2830,20041210,1.8899236048176749
2831,20041213,2.2828615760673854
2832,20041214,1.0536218590946094
2833,20041215,1.3218808698098838
2834,20041216,0.6910664895491238
2835,20041217,0.991996596846994
2836,20041220,0.7630577062250958
2837,20041221,1.19204832089661
2838,20041222,1.3493574198322777
2839,20041223,1.83435814060933
2840,20041224,0.991904644606899
2841,20041227,1.1999179186648121
2842,20041228,1.5600675096109209
2843,20041229,1.3679986443100505
2844,20041230,1.2520804405361627
2845,20041231,2.8998397180504076
2846,20050104,1.0825142011590945
2847,20050105,1.6320642684078364
2848,20050106,1.0031300790422482
2849,20050107,1.1220839947599044
2850,20050110,0.9521078517578808
2851,20050111,0.715587236303334
2852,20050112,1.6095154863569385
2853,20050113,2.6033498878508805
2854,20050114,1.201177997627244
2855,20050117,1.1653155454147361
2856,20050118,1.5713482663033151
2857,20050119,1.463606881452035
2858,20050120,2.481785247573203
2859,20050121,0.9707754126589778
2860,20050124,0.8862438307577205
2861,20050125,2.0292935636675393
2862,20050126,1.3363040099231014
2863,20050127,1.9997578418793907
2864,20050128,0.8598505698299463
2865,20050131,2.3369520144854294
2866,20050201,1.3442076934251133
2867,20050202,0.9680189357151515
2868,20050203,0.9561819018424315
2869,20050204,1.0344343494217745
2870,20050216,1.3347400419480167
2871,20050217,1.8354522414277517
2872,20050218,2.223593695561473
2873,20050221,1.2906140247649895
2874,20050222,0.9798003561575623
2875,20050223,0.7165573246846006
2876,20050224,0.6374764695152181
2877,20050225,0.6684193863937217
2878,20050228,1.2624843575192115
2879,20050301,1.0649464323379636
2880,20050302,0.7375505925096009
2881,20050303,1.1383719568621606
2882,20050304,0.8849043220791083
2883,20050307,0.7597787404847162
2884,20050308,1.0883232726797436
2885,20050309,1.0580551431775311
2886,20050310,0.9158149913922834
2887,20050311,0.8173351732839372
2888,20050314,1.0924646647003033
2889,20050315,0.35110176159068984
2890,20050316,1.1882029135615115
2891,20050317,0.5976101869905994
2892,20050318,2.351148101352139
2893,20050321,0.7594927868387498
2894,20050322,1.8653548534595754
2895,20050323,1.2719403243991176
2896,20050324,0.8548442801431851
2897,20050325,1.03868021426739
2898,20050328,3.0688330138122764
2899,20050329,1.2342463799841934
2900,20050330,1.5040917942896515
2901,20050331,1.0461149841361181
2902,20050401,1.1397228360405622
2903,20050404,0.6887887405542155
2904,20050405,1.23088357405766
2905,20050406,1.0646641165131216
2906,20050407,1.0616358519027647
2907,20050408,1.8405664667251171
2908,20050411,0.8211004084035737
2909,20050412,2.7101121955070617
2910,20050413,1.3561463008127972
2911,20050414,1.6012714054107549
2912,20050415,2.39930440273862
2913,20050418,1.514453795288044
2914,20050419,1.0994521599200682
2915,20050420,2.291744929155008
2916,20050421,1.4475905497951214
2917,20050422,1.8243398249658747
2918,20050425,2.0656846170567875
2919,20050426,1.0081612252318584
2920,20050427,1.2532496870982641
2921,20050428,1.7627030480370518
2922,20050429,1.1538492902387725
2923,20050509,1.3901869609630393
2924,20050510,0.9053031914675883
2925,20050511,1.0557776880920338
2926,20050512,2.1082652589200284
2927,20050513,0.9191856708273941
2928,20050516,0.6549858761723014
2929,20050517,1.2617308999773145
2930,20050518,1.2800386057836124
2931,20050519,0.9170481497613242
2932,20050520,1.1469197306293248
2933,20050523,1.1581079958147382
2934,20050524,1.1020061165785813
2935,20050525,1.731205337771269
2936,20050526,0.6798432918348292
2937,20050527,1.4951871149251694
2938,20050530,2.8783203398913653
2939,20050531,2.3497251637714256
2940,20050601,2.12365224936358
2941,20050602,1.0628357963923853
2942,20050603,1.7436428942330868
2943,20050606,0.9129978863883527
2944,20050607,1.244691661056078
2945,20050608,0.9304618420512274
2946,20050609,1.1911911093692333
2947,20050610,0.9384274620217529
2948,20050613,0.8623976050600194
2949,20050614,1.098786748035298
2950,20050615,1.4153392619166907
2951,20050616,1.6871857837132902
2952,20050617,1.5102008413794548
2953,20050620,0.8097388515004389
2954,20050621,0.7736822110995755
2955,20050622,1.0612998909082878
2956,20050623,2.3571708188616736
2957,20050624,1.3089896305167779
2958,20050627,0.6849581994665123
2959,20050628,1.0916117807122183
2960,20050629,0.9662413356462316
2961,20050704,0.3502974412290484
2962,20050705,1.4156549838291344
2963,20050706,1.0861388419870528
2964,20050707,0.8848685423913645
2965,20050708,1.509595042389416
2966,20050711,0.8758616054761968
2967,20050712,1.170974944645186
2968,20050713,2.023863860704459
2969,20050714,1.5886991901332352
2970,20050715,2.7175922993323223
2971,20050718,1.3556036238005171
2972,20050719,1.413664639408565
2973,20050720,1.0205370853642108
2974,20050721,1.662455814507463
2975,20050722,0.7521364032290815
2976,20050725,0.6567221228098582
2977,20050726,2.3524747704114755
2978,20050727,1.3860328667536006
2979,20050728,2.6858546050280303
2980,20050729,4.4063066648497875
2981,20050801,1.571975004957255
2982,20050802,2.034696328868361
2983,20050803,0.9231218658518758
2984,20050804,2.0245582654624346
2985,20050805,0.9346014170151724
2986,20050808,1.5684035456866463
2987,20050809,1.9162617638944055
2988,20050810,1.5895367478163913
2989,20050811,1.6887768644628924
2990,20050812,2.537878811939343
2991,20050815,2.226993217621689
2992,20050816,2.2111017385666707
2993,20050817,1.475773052413582
2994,20050818,2.2468317646366733
2995,20050819,1.994798990098383
2996,20050822,1.9136123606914661
2997,20050823,1.7667073087296379
2998,20050824,1.8414962143012177
2999,20050825,2.4393987270073865
3000,20050826,2.7494157117775204
3001,20050829,0.9677399152002776
3002,20050830,1.223044435156878
3003,20050831,1.1615724891495471
3004,20050901,1.7234233046045868
3005,20050902,1.9419661122232055
3006,20050905,1.893071286159466
3007,20050906,1.6277984589792265
3008,20050907,1.7138636177526545
3009,20050908,1.0913642034761624
3010,20050909,0.907019142554127
3011,20050912,2.138043578541614
3012,20050913,1.2512043178272516
3013,20050914,2.3746999290132162
3014,20050915,1.8616124950213864
3015,20050916,1.1433354582801416
3016,20050919,1.3486998539833195
3017,20050920,1.5625684624362173
3018,20050921,1.2693200020599642
3019,20050922,1.8024547970864258
3020,20050923,1.8203323458630158
3021,20050926,3.4644630557957097
3022,20050927,2.210405155799767
3023,20050928,3.2209711895876225
3024,20050929,1.1674460539516816
3025,20050930,1.3198682253748655
3026,20051010,2.0679053708307333
3027,20051011,1.6877585300955482
3028,20051012,1.030859458920303
3029,20051013,1.4731821251609185
3030,20051014,1.5302356270477044
3031,20051017,1.5111500293995204
3032,20051018,1.9226437627292248
3033,20051019,0.8189706992879247
3034,20051020,1.2220743640858915
3035,20051021,1.1263622720754216
3036,20051024,1.148390185558713
3037,20051025,3.1633068081973814
3038,20051026,1.25229716904317
3039,20051027,2.63953632339753
3040,20051028,1.325944758996313
3041,20051031,1.6721776527081456
3042,20051101,2.3356674938160085
3043,20051102,1.985379974410433
3044,20051103,1.3342826668938934
3045,20051104,1.5608109321981631
3046,20051107,2.8501776970879216
3047,20051108,1.9869670472288006
3048,20051109,0.9269018553512492
3049,20051110,2.7711503173582583
3050,20051111,1.0933213192286795
3051,20051114,2.3854992144604137
3052,20051115,1.0527106606566552
3053,20051116,2.0374101773849693
3054,20051117,1.858886293643216
3055,20051118,0.7709521266434441
3056,20051121,3.9692164720790664
3057,20051122,0.9594725007655048
3058,20051123,0.9889551257508943
3059,20051124,1.8250376161963093
3060,20051125,1.942529474847274
3061,20051128,1.6209523540022377
3062,20051129,1.067624674621445
3063,20051130,0.8707909437711543
3064,20051201,1.1280160493466096
3065,20051202,2.171618919154306
3066,20051205,1.3224104220500683
3067,20051206,0.7439079532906762
3068,20051207,1.1644237533109976
3069,20051208,1.1113881958229985
3070,20051209,1.3101751282853593
3071,20051212,2.631745204949316
3072,20051213,1.3110407434445184
3073,20051214,1.3134689681445637
3074,20051215,1.0072203097375398
3075,20051216,1.2669590677931355
3076,20051219,1.4655472087426733
3077,20051220,2.334953648659043
3078,20051221,1.3735636037431214
3079,20051222,1.0135658611393485
3080,20051223,0.8492370790885111
3081,20051226,0.7980833115919512
3082,20051228,1.3739969594577721
3083,20051229,1.474537469044547
3084,20051230,0.7869423670437407
3085,20060104,0.8358197038404933
3086,20060105,1.1117926633492075
3087,20060106,1.3229620505384065
3088,20060109,1.452333143449603
3089,20060110,1.9414518911499672
3090,20060111,0.8202162909718113
3091,20060112,1.7024996872495946
3092,20060113,2.8302562239320257
3093,20060116,1.1964321737832657
3094,20060117,1.0444051259189153
3095,20060118,1.2542381940842096
3096,20060119,1.3255253903458772
3097,20060120,0.9030310778653164
3098,20060123,2.1984474925682873
3099,20060124,2.3869960107916635
3100,20060125,1.3686643796024005
3101,20060206,1.086738034646457
3102,20060207,1.3734925075533428
3103,20060208,0.7372440553797445
3104,20060209,1.43025148248942
3105,20060210,0.9914830409941242
3106,20060213,1.4822321646428904
3107,20060214,0.9344490782766484
3108,20060215,0.8954181923180254
3109,20060216,1.2411499767596694
3110,20060217,0.9986703755580942
3111,20060220,0.7611173740510747
3112,20060221,1.7855675888726996
3113,20060222,1.114071703182695
3114,20060223,0.7895173889831685
3115,20060224,0.8519429513805075
3116,20060227,1.3714594803272067
3117,20060228,0.9398630749989595
3118,20060301,1.193723870733876
3119,20060302,0.7505334110740929
3120,20060303,1.2381208513821795
3121,20060323,1.0624086280966927
3122,20060324,1.3742056682422839
3123,20060327,0.9367321218881028
3124,20060328,1.0603498715659208
3125,20060329,0.7494770546157966
3126,20060330,0.49444819880177643
3127,20060331,0.7711006148664138
3128,20060403,0.8098660968137791
3129,20060404,1.4363026916706432
3130,20060405,0.8807157177498942
3131,20060425,2.2709028748424105
3132,20060426,1.3701993936652428
3133,20060427,1.0016275500666314
3134,20060428,0.5822763265083708
3135,20060508,0.9548803491982722
3136,20060509,1.40590070842254
3137,20060510,1.4621390294268237
3138,20060511,1.0869392743268942
3139,20060512,1.257625828717897
3140,20060515,1.4291562116003294
3141,20060516,1.0004797747568632
3142,20060517,0.7342016862553052
3143,20060518,0.9420266863341533
3144,20060519,0.7455505142844342
3145,20060522,1.578744123503001
3146,20060523,0.8474850464522132
3147,20060524,1.1933538260289078
3148,20060525,0.8576718740801409
3149,20060526,1.2523257718577239
3150,20060529,1.3825742844895716
3151,20060530,0.8510755888896051
3152,20060531,0.9113975389975547
3153,20060601,1.7569982277617646
3154,20060602,1.5449130705315879
3155,20060605,1.7557398089987561
3156,20060606,1.3489478765939962
3157,20060607,1.2969105327645458
3158,20060608,1.6150818372237594
3159,20060609,1.3840721399893348
3160,20060612,2.821852299778631
3161,20060613,2.833710416751997
3162,20060614,2.6855181104079526
3163,20060615,1.6454283808648036
3164,20060616,1.4271479105870708
3165,20060619,2.430819777544333
3166,20060620,2.5123458044510305
3167,20060621,1.1652921044846332
3168,20060623,1.6496405338464983
3169,20060626,2.0786669300795864
3170,20060627,1.612451350493432
3171,20060628,1.0692657722248313
3172,20060629,0.8873355001036268
3173,20060630,2.574452869881519
3174,20060703,1.8495588536762722
3175,20060704,2.2139235610415593
3176,20060705,1.932845450180028
3177,20060706,1.9495420988719092
3178,20060707,1.4624598506127688
3179,20060710,1.195814187297554
3180,20060711,1.1490379694226192
3181,20060712,1.6461452276150532
3182,20060713,1.5927212092023966
3183,20060714,1.317286372814941
3184,20060717,1.6441225491703804
3185,20060718,1.6871900864321043
3186,20060719,1.5254399472558637
3187,20060720,1.0621984755527192
3188,20060721,1.6439017008143888
3189,20060724,1.946926715931125
3190,20060725,1.5632878821102927
3191,20060726,1.6942205458159647
3192,20060727,2.256902682433585
3193,20060728,1.5514261947166492
3194,20060731,1.5834999646985732
3195,20060801,1.8007106791216694
3196,20060802,1.2017814147669559
3197,20060803,1.1247094623276466
3198,20060804,1.6531120996237132
3199,20060807,0.6535640998501561
3200,20060808,1.7002011073040402
3201,20060809,1.859670256486766
3202,20060810,0.6224323344960396
3203,20060811,1.4604223740135824
3204,20060814,1.698220605981271
3205,20060815,1.434991131046004
3206,20060816,1.4862367290729683
3207,20060817,1.4512111644356538
3208,20060818,2.8183445741092275
3209,20060821,3.0273072944686965
3210,20060822,1.4087816415068326
3211,20060823,1.2966620402349975
3212,20060824,1.741245188081824
3213,20060825,1.3341962087021182
3214,20060828,1.2945261543852136
3215,20060829,1.7473387887677303
3216,20060830,1.1073221789313457
3217,20060831,1.217352112992084
3218,20060901,2.208867889740269
3219,20060904,1.3022663887438435
3220,20060905,2.4805903297004557
3221,20060906,2.100486164153862
3222,20060907,1.4619162172328357
3223,20060908,1.0302239249549658
3224,20060911,1.376034982255413
3225,20060912,0.8871026874547011
3226,20060913,2.0229552862755478
3227,20060914,2.456252569158052
3228,20060915,1.945414880760473
3229,20060918,2.626848282004399
3230,20060919,1.4704914741756816
3231,20060920,1.3697251796365542
3232,20060921,1.0460718800984221
3233,20060922,1.8112414597552549
3234,20060925,1.8843691692939228
3235,20060926,1.9323764710055598
3236,20060927,1.573216247945025
3237,20060928,1.3810849827688676
3238,20060929,2.6122342600637753
3239,20061009,1.2551965766466309
3240,20061010,1.7692924382980788
3241,20061011,3.7262931676985396
3242,20061012,3.6402705961431456
3243,20061013,3.8571887988564435
3244,20061016,2.542790970440022
3245,20061017,1.6506782999659195
3246,20061018,1.672659365428853
3247,20061019,1.060882660535036
3248,20061020,2.2112646776035856
3249,20061023,1.5151165191520775
3250,20061024,1.1495746464242758
3251,20061025,2.0350266987043657
3252,20061026,1.7725654017877985
3253,20061027,1.2147451829194458
3254,20061030,2.278499347303174
3255,20061031,1.7300233528153135
3256,20061101,2.0024901783493405
3257,20061102,2.9057178547121887
3258,20061103,1.437221316626413
3259,20061106,1.3479590864134692
3260,20061107,1.7223443671405192
3261,20061108,4.383721815524032
3262,20061109,1.5683247413982844
3263,20061110,1.470079597468547
3264,20061113,1.4012180736953426
3265,20061114,1.8388039997262795
3266,20061115,1.7062446072720578
3267,20061116,1.1779649891313915
3268,20061117,0.7326028711825354
3269,20061120,1.5080458872138949
3270,20061121,0.9255817801795964
3271,20061122,1.532270467842547
3272,20061123,1.4158795108799567
3273,20061124,1.2070518441449722
3274,20061127,2.0049617555582966
3275,20061128,1.3707523196451776
3276,20061129,1.4854485896644465
3277,20061130,1.1099960297335274
3278,20061201,1.257305351664141
3279,20061204,0.7032702702562013
3280,20061205,1.6396091913440767
3281,20061206,1.6885297144405258
3282,20061207,1.3273819981778672
3283,20061208,1.805828587314793
3284,20061211,1.004033192322595
3285,20061212,1.8896322234926783
3286,20061213,1.116337242929342
3287,20061215,0.861442226776159
3288,20061218,1.0065170053152472
3289,20061219,1.1997271609359883
3290,20061220,0.7987325702120436
3291,20061221,0.7667859858329891
3292,20061222,1.0861680714631365
3293,20061225,0.5163005436205006
3294,20061226,0.7782726428713712
3295,20061227,0.5892114639120861
3296,20061228,0.512279020358113
3297,20061229,0.5967402478537673
3298,20070104,0.2038150248351301
3299,20070105,0.6251359671570362
3300,20070108,1.4754872948403215
3301,20070109,1.1691203070449987
3302,20070110,0.8129862802896021
3303,20070111,1.825745815813618
3304,20070112,1.1669536305014625
3305,20070115,1.1473485039770055
3306,20070116,0.7777773547282503
3307,20070117,0.6823135407617618
3308,20070118,0.6254287940778701
3309,20070119,0.5613076816532347
3310,20070122,1.8551418709426855
3311,20070123,0.8418571371158203
3312,20070124,1.3240831479650026
3313,20070125,1.8313196149954187
3314,20070126,2.530670267447476
3315,20070129,1.529631751826879
3316,20070130,2.142917088029764
3317,20070131,1.75549389351303
3318,20070201,2.121741333911634
3319,20070202,1.400866429584639
3320,20070205,2.3182059850235737
3321,20070206,2.383787072373929
3322,20070207,1.9928495915863635
3323,20070208,2.4944356667607233
3324,20070209,3.926499073841167
3325,20070212,2.3908058094435543
3326,20070213,1.0036569658823775
3327,20070214,1.46168279430544
3328,20070215,1.8032423618875753
3329,20070216,1.5645600865786198
3330,20070226,1.7334270146993243
3331,20070227,1.4178380193369293
3332,20070228,1.009746135705093
3333,20070301,1.8345769072748228
3334,20070302,0.8739652749223441
3335,20070305,0.7585957724064238
3336,20070306,0.7560047534194473
3337,20070307,0.7238833958722731
3338,20070308,1.0580835731782157
3339,20070309,1.1341524944005033
3340,20070312,2.8110224493016363
3341,20070313,0.7409871367218793
3342,20070314,1.073520118224627
3343,20070315,0.8611636614839262
3344,20070316,1.1581209981904779
3345,20070319,1.1822675852115856
3346,20070320,1.1800229848030501
3347,20070321,3.284466898877053
3348,20070322,1.6914460615605251
3349,20070323,1.1932327364923396
3350,20070326,1.6866872237521504
3351,20070327,0.8644331821195366
3352,20070328,1.600753838081474
3353,20070329,0.8401408123956973
3354,20070330,0.782265205110508
3355,20070402,1.046414787625119
3356,20070403,0.5210548122343234
3357,20070404,2.1347216174269796
3358,20070405,0.9217389501432436
3359,20070406,2.0496149114700124
3360,20070409,1.3048387138492106
3361,20070410,1.280275876806095
3362,20070411,0.6421916323801223
3363,20070412,0.7843815451816928
3364,20070413,0.6617640241899381
3365,20070416,1.32067174778924
3366,20070417,0.730704435462179
3367,20070418,0.9265581130501103
3368,20070419,1.2231797539487932
3369,20070420,0.985760490245519
3370,20070423,0.6594836845108012
3371,20070424,2.5747367974198907
3372,20070425,1.139853179036778
3373,20070426,1.2189870929207094
3374,20070427,0.720360771958235
3375,20070430,0.6589440171545072
3376,20070508,1.4877262838314471
3377,20070509,0.8082061642593887
3378,20070510,1.8556744420118427
3379,20070511,2.834226191179789
3380,20070514,2.077212346824768
3381,20070515,1.7537887153914422
3382,20070516,1.7601724935396426
3383,20070517,1.5750111054667884
3384,20070518,0.9909925881127873
3385,20070521,1.0808296922920326
3386,20070522,1.280336107287423
3387,20070523,1.182036034820172
3388,20070524,1.393154318924049
3389,20070525,0.7177270198330309
3390,20070528,2.2156427637988227
3391,20070529,0.9723661741605724
3392,20070530,0.8405431650317668
3393,20070531,0.8982158776477028
3394,20070601,1.2909254810599564
3395,20070604,0.7674380144817384
3396,20070605,0.5885632462562722
3397,20070606,1.1421469647843934
3398,20070607,1.6186355102315821
3399,20070608,1.524917195928889
3400,20070611,1.0369894143673093
3401,20070612,1.823976154753563
3402,20070613,1.6925864379276145
3403,20070614,1.2568897348177537
3404,20070615,1.2654706279277474
3405,20070618,2.209442733601885
3406,20070619,0.8518175974585909
3407,20070620,1.8861479135315733
3408,20070621,0.6770185114958341
3409,20070622,1.4625521837108924
3410,20070625,1.4410489696406459
3411,20070626,1.1547040194467089
3412,20070627,2.33662461520156
3413,20070629,1.1924094997026853
3414,20070702,2.086807850738877
3415,20070703,1.3420937565318911
3416,20070704,2.301904029026611
3417,20070705,1.2339669302122072
3418,20070706,2.007066476437981
3419,20070709,1.4112632451285405
3420,20070710,1.8419292156334188
3421,20070711,0.9280543297546443
3422,20070712,1.3735461904928945
3423,20070713,2.607782150418161
3424,20070716,1.696288408166594
3425,20070717,1.0632126713445187
3426,20070718,0.6654611673127262
3427,20070719,0.6991796309636147
3428,20070720,0.8211170852614352
3429,20070723,1.2297002262368497
3430,20070724,1.1741441161985338
3431,20070725,0.7923263215084475
3432,20070726,1.108747674501553
3433,20070727,1.5192435004172569
3434,20070730,1.2222526253387205
3435,20070731,0.9626330026579777
3436,20070801,1.582580656748412
3437,20070802,0.8814261567248243
3438,20070803,0.7502797035079357
3439,20070806,0.8957795390634197
3440,20070807,1.07914385137956
3441,20070808,0.8173127651321006
3442,20070809,0.7958874430169934
3443,20070810,1.246740371226688
3444,20070813,0.6695393835152311
3445,20070814,1.0647133044902675
3446,20070815,1.287136700858092
3447,20070816,1.0723569136947217
3448,20070817,0.8102065604401609
3449,20070820,0.7359478434034918
3450,20070821,0.8280089504366469
3451,20070822,0.6810030665131356
3452,20070823,1.7100242816571931
3453,20070824,0.6773293255128665
3454,20070827,1.0696913236567718
3455,20070828,0.5449247543690651
3456,20070829,0.5807770068222127
3457,20070830,1.5091284721548281
3458,20070831,0.900153995357745
3459,20070903,1.3439432168794134
3460,20070904,1.9491971134062294
3461,20070905,1.1691071693152417
3462,20070906,1.1666659512142203
3463,20070907,0.9756510241350224
3464,20070910,1.5929526834322851
3465,20070911,1.281450471565077
3466,20070912,1.003161093613868
3467,20070913,0.8797326642500517
3468,20070914,2.3106912442981975
3469,20070917,1.5140243007944718
3470,20070918,1.122365459356061
3471,20070919,0.9507288759520134
3472,20070920,0.834102042159831
3473,20070921,1.5723680815319645
3474,20070924,1.129041350388645
3475,20070925,0.7956868482004633
3476,20070926,1.108482739149007
3477,20070927,0.5263241991815185
3478,20070928,0.8580674065692077
3479,20071008,0.7422105400338724
3480,20071009,1.1922463501484628
3481,20071010,0.8328590664771874
3482,20071011,0.9550351000912618
3483,20071012,1.0176435442874585
3484,20071015,1.3833715117264747
3485,20071016,0.8165549735250189
3486,20071017,1.634124347165455
3487,20071018,1.0469886376275295
3488,20071019,0.9002661468150661
3489,20071022,1.1555602321032392
3490,20071023,1.3395407734128
3491,20071024,1.2435829362439297
3492,20071025,1.2357004651203656
3493,20071026,1.299980040845056
3494,20071029,1.2389503984701173
3495,20071030,0.9367413639967274
3496,20071031,1.1023264772801462
3497,20071101,0.9552775436696395
3498,20071102,0.8611613649789369
3499,20071105,0.9167548620153855
3500,20071106,0.5124788491739739
3501,20071107,1.0151780450219972
3502,20071108,0.8748634669003416
3503,20071109,0.9672825209687351
3504,20071112,1.2588315532774987
3505,20071113,1.8783378430203868
3506,20071114,0.6181307366618775
3507,20071115,0.8516670761898641
3508,20071116,0.7092894300014877
3509,20071119,1.136960265414902
3510,20071120,0.8852665591117219
3511,20071121,1.1074168409196063
3512,20071122,1.421702201092845
3513,20071123,1.1973757941218728
3514,20071126,1.0158766157144794
3515,20071127,0.48927490075870983
3516,20071128,0.8618178726249314
3517,20071129,1.0458138169561744
3518,20071130,0.7980915399989676
3519,20071203,0.6151988855340874
3520,20071204,1.3726442570506814
3521,20071205,0.4835914904206509
3522,20071206,0.8422686609301163
3523,20071207,1.1652832470692243
3524,20071210,1.1060230351794054
3525,20071211,1.0455073359968612
3526,20071212,1.13132679890387
3527,20071213,1.5204557319562546
3528,20071214,1.1700250719309977
3529,20071217,0.9727561480401727
3530,20071218,1.061562591912478
3531,20071219,1.3541675212896935
3532,20071220,0.647461462687275
3533,20071221,0.8139950472792346
3534,20071224,0.7539152484604168
3535,20071225,1.1359478299815458
3536,20071226,0.7513238904569083
3537,20071228,2.0252035687226377
3538,20080102,1.8540752746404503
3539,20080103,0.9856504635036023
3540,20080104,0.799017321783589
3541,20080107,0.8944689299623376
3542,20080108,1.5671166714894647
3543,20080109,1.7288141181219896
3544,20080110,1.0410069266712512
3545,20080111,1.1777127099995655
3546,20080114,0.5835467659800824
3547,20080115,0.9738701002371826
3548,20080116,0.952036067544173
3549,20080117,1.2034507568152037
3550,20080118,1.5535216042361282
3551,20080121,0.9819983190634411
3552,20080122,1.0085669821262584
3553,20080123,1.3859689050747546
3554,20080124,0.9362899410209532
3555,20080125,1.6524541704101183
3556,20080128,1.4401931053398782
3557,20080129,1.3629352230105183
3558,20080130,1.0850659015685822
3559,20080131,1.0073658721994483
3560,20080201,1.7258932871043975
3561,20080204,0.9917422983939069
3562,20080205,0.9323107579708255
3563,20080213,1.243870191536581
3564,20080214,1.1742648014700028
3565,20080215,0.7808617477477732
3566,20080218,0.7936271982832283
3567,20080219,0.4219763159624634
3568,20080220,0.9803591897693955
3569,20080221,1.1788836782371956
3570,20080222,1.1166844670572214
3571,20080225,0.9349131646200485
3572,20080226,0.9858549924395045
3573,20080227,0.9863268462681823
3574,20080228,1.539970821075687
3575,20080229,1.0913125841002638
3576,20080303,1.0642236864543713
3577,20080304,0.7686527234452716
3578,20080305,0.9066479288655352
3579,20080306,0.9735116073800492
3580,20080307,1.4338900953922218
3581,20080310,1.2560877493153373
3582,20080311,0.9712804751560219
3583,20080312,0.9431608450690617
3584,20080313,1.5479924573188582
3585,20080314,1.024278630954555
3586,20080317,1.5390403472774683
3587,20080318,1.3968020753475832
3588,20080319,1.3088624275733816
3589,20080320,1.1343689907533476
3590,20080321,0.912510716904107
3591,20080324,0.7586310617934579
3592,20080325,1.1253305479540328
3593,20080326,2.018415454190145
3594,20080327,1.549237421172922
3595,20080328,0.9224525385554116
3596,20080331,1.1125730521714756
3597,20080401,1.6478963262043238
3598,20080402,1.5215552480324945
3599,20080403,1.025296368279008
3600,20080407,1.6523315747894993
3601,20080408,1.2664551507611668
3602,20080409,1.4143437420473435
3603,20080410,1.3958811851996702
3604,20080411,1.2058163523630114
3605,20080414,1.1741118232761532
3606,20080415,1.2724673854714375
3607,20080416,1.4746159324126917
3608,20080417,1.4874100799333503
3609,20080418,1.2661803437229089
3610,20080421,1.2518914708214732
3611,20080422,1.2641688913577558
3612,20080423,1.189951561363335
3613,20080424,1.1898339372798796
3614,20080425,1.1709481829702886
3615,20080428,0.9217634483462745
3616,20080429,1.2307720527079986
3617,20080430,1.2511391086656163
3618,20080505,2.163373881550323
3619,20080506,1.6500398720125438
3620,20080507,1.5487877569282547
3621,20080509,3.496888227507535
3622,20080512,1.494739723113655
3623,20080513,1.1196257437745123
3624,20080514,1.115872259119259
3625,20080515,1.1013100222180405
3626,20080516,1.3379409159549343
3627,20080519,1.2267709782456584
3628,20080520,1.5307136075722254
3629,20080521,1.2327159619160395
3630,20080523,2.6820482006469417
3631,20080526,1.412356928034935
3632,20080527,5.31652075002402
3633,20080528,2.845124525692307
3634,20080529,4.080401289554024
3635,20080530,4.236100376546269
3636,20080602,3.386502777073565
3637,20080603,4.806526794482894
3638,20080604,2.6991185627267575
3639,20080605,2.738464906740907
3640,20080606,2.6957438532753653
3641,20080610,1.4047408527067946
3642,20080611,2.617834170339856
3643,20080612,2.047645402611204
3644,20080613,2.041359946006569
3645,20080616,1.2279315054510396
3646,20080617,1.5490007294917563
3647,20080618,1.6849058210421906
3648,20080619,0.9067923172684278
3649,20080620,1.5183694499821867
3650,20080623,2.0033112615559303
3651,20080624,2.2736632957222733
3652,20080625,1.9637000547623922
3653,20080626,1.343629105493718
3654,20080627,1.4672116400196937
3655,20080630,1.6379836094183797
3656,20080701,1.703385631255361
3657,20080702,2.793321856674103
3658,20080703,1.778277376299221
3659,20080704,1.6418173056190484
3660,20080707,1.1748638610455657
3661,20080708,2.3200885664193116
3662,20080709,1.0819652249870948
3663,20080710,1.7723496940481829
3664,20080711,1.8060739540801098
3665,20080714,1.6523191033178537
3666,20080715,1.3716005399920903
3667,20080716,2.170255832697974
3668,20080717,1.9022219436782588
3669,20080718,3.307756879736666
3670,20080721,2.6540331117619154
3671,20080722,1.8095927127739877
3672,20080723,3.065126837225743
3673,20080724,1.2889718183060075
3674,20080725,2.297319787396086
3675,20080728,0.962298566342436
3676,20080729,1.6736696605533188
3677,20080730,1.7004672976666866
3678,20080731,2.0117512012086802
3679,20080801,2.33569269528551
3680,20080804,1.4903310144699964
3681,20080805,1.253538559516881
3682,20080806,1.6227704101834561
3683,20080807,1.5897893559962983
3684,20080808,1.659838840608605
3685,20080811,1.1562630876575453
3686,20080812,1.494753561067796
3687,20080813,1.0870484978061643
3688,20080814,1.7632228285761016
3689,20080815,1.3103056265790423
3690,20080818,1.6975961540801987
3691,20080819,2.627867504834963
3692,20080820,1.362980578505361
3693,20080821,1.632940091910559
3694,20080822,1.9392152456068634
3695,20080825,1.7434057140680672
3696,20080826,1.8944356081159692
3697,20080827,2.057733623863768
3698,20080828,0.909628847373433
3699,20080829,1.7590727488255404
3700,20080901,1.8612793211469618
3701,20080902,3.176097668535786
3702,20080903,2.1435196748176595
3703,20080904,2.7677864649474855
3704,20080905,1.6473070604217042
3705,20080908,1.0039649951137686
3706,20080909,1.6809387559336864
3707,20080910,2.17972676988749
3708,20080911,0.8877796237234455
3709,20080912,1.0612679260374829
3710,20080916,1.1205944653146316
3711,20080917,1.8566662626117068
3712,20080918,1.496697674921511
3713,20080919,1.9451613704453743
3714,20080922,1.717088335842841
3715,20080923,0.8189801498981042
3716,20080924,1.7624747605541435
3717,20080925,0.8466091633160362
3718,20080926,1.3941796928887307
3719,20081006,0.7729646227074707
3720,20081007,1.2419699154919042
3721,20081008,1.7345246747386422
3722,20081009,1.350354680663
3723,20081010,1.134767861332763
3724,20081013,1.3074410972727493
3725,20081014,1.640603437339619
3726,20081015,1.608859247761952
3727,20081016,3.2835573555408235
3728,20081017,2.5544812766323233
3729,20081020,1.476760184030939
3730,20081021,2.5224241406824874
3731,20081022,2.0915278802691923
3732,20081023,1.744878123880829
3733,20081024,1.2594703107054213
3734,20081027,2.032935891979358
3735,20081028,0.8228036014149626
3736,20081029,1.812703597337856
3737,20081030,1.6113254896584195
3738,20081031,2.1532966433984124
3739,20081103,1.3373636299351201
3740,20081104,1.6727513483787486
3741,20081105,1.337471299642059
3742,20081106,1.1581021340013133
3743,20081107,1.0605821080936777
3744,20081110,1.2292343614254018
3745,20081111,1.805037074280493
3746,20081112,2.849459977557243
3747,20081113,1.3177144486116061
3748,20081114,2.2810206002645255
3749,20081117,2.3806364542989966
3750,20081118,1.1230878689393788
3751,20081119,0.0
3752,20081120,0.0
3753,20081121,1.4445190928071718
3754,20081124,1.434513231500449
3755,20081125,1.9885609573797969
3756,20081126,2.342192518071993
3757,20081127,1.5090352329220593
3758,20081128,1.272873134515487
3759,20081201,1.7647111736531322
3760,20081202,2.9575446537129966
3761,20081203,2.8786253247110882
3762,20081204,1.8298850685511492
3763,20081205,0.0
3764,20081208,1.3819533983980528
3765,20081209,2.039476570937543
3766,20081210,2.4349029684348666
3767,20081211,2.328306534156353
3768,20081212,2.1408436399376622
3769,20081215,3.4345592052998546
3770,20081216,1.4887930330889037
3771,20081217,2.4037210736690056
3772,20081218,1.3301728683788259
3773,20081219,0.9205942914487447
3774,20081222,1.3701217670459989
3775,20081223,1.75094575745475
3776,20081224,1.166232875330165
3777,20081226,2.950586591940262
3778,20081229,1.1673886612567506
3779,20081230,1.3199663843269838
3780,20081231,1.2469633425260793
3781,20090105,1.2745353392921335
3782,20090106,2.2229729062955434
3783,20090107,1.8759680449111327
3784,20090108,1.5645651877582745
3785,20090109,1.7669711174699496
3786,20090112,1.2160731213536506
3787,20090113,1.349660947292041
3788,20090114,1.0380094273789584
3789,20090115,1.9950450545360348
3790,20090116,1.2931198760095641
3791,20090119,1.9816302109437325
3792,20090120,1.8561606494740868
3793,20090121,1.5621661860502314
3794,20090122,1.43905335595904
3795,20090123,2.3285334783177674
3796,20090202,2.099067490119205
3797,20090203,1.5683675467837281
3798,20090204,0.845362862332753
3799,20090205,1.0184345112314055
3800,20090206,2.3146830910648126
3801,20090209,1.6279372982037388
3802,20090210,0.7205299936170456
3803,20090211,1.3711645472735265
3804,20090212,1.6586119193937854
3805,20090213,1.3119924912904413
3806,20090216,2.5185671951851236
3807,20090217,2.1556481031293013
3808,20090218,1.2335089892751614
3809,20090219,2.1447035426948493
3810,20090220,2.680061388770044
3811,20090223,1.3387162978596125
3812,20090224,1.3960025129662044
3813,20090225,1.719323541192789
3814,20090226,1.4663279216626948
3815,20090227,1.4492764910766338
3816,20090302,2.017731590052517
3817,20090303,3.500717562295843
3818,20090304,1.0713314312260658
3819,20090305,1.4381223601972903
3820,20090306,1.7085632662210384
3821,20090309,1.4760578065534833
3822,20090310,1.946914946766451
3823,20090311,1.0975779304016076
3824,20090312,1.4658239371044661
3825,20090313,1.6292698744880902
3826,20090316,2.3084698647789454
3827,20090317,1.3365229539411971
3828,20090318,0.9585770119064029
3829,20090319,1.9424682883666102
3830,20090320,1.2047270701370631
3831,20090323,1.2015905191107479
3832,20090324,0.7400703627347932
3833,20090325,1.4365501350219692
3834,20090326,0.8612690033850294
3835,20090327,0.7775798168049622
3836,20090330,1.255522397012423
3837,20090331,0.7136742113902982
3838,20090401,1.0913035494177208
3839,20090402,1.0634127473739574
3840,20090403,1.2069007902697393
3841,20090407,0.6672620393787466
3842,20090408,1.078493123876739
3843,20090409,1.1573596848202061
3844,20090410,1.1144237826030143
3845,20090413,0.5884593722886909
3846,20090414,1.6261984397655695
3847,20090415,3.01752472573414
3848,20090416,1.6067048481106492
3849,20090417,1.6852359167789666
3850,20090420,0.852692629165336
3851,20090421,1.610984520075695
3852,20090422,1.4852542191360254
3853,20090423,1.4759451509487687
3854,20090424,1.806138327094408
3855,20090427,1.153881136178658
3856,20090428,1.9205943991225738
3857,20090429,0.8349341900908561
3858,20090430,1.2204525984490848
3859,20090504,0.7259315718329045
3860,20090505,0.9266716768746992
3861,20090506,0.6791682205180214
3862,20090507,1.0201057428100957
3863,20090508,2.1113335616764153
3864,20090511,1.274110523623937
3865,20090512,1.0028559989388306
3866,20090513,1.4426388152053784
3867,20090515,2.078438819479465
3868,20090518,1.3813623244148496
3869,20090519,0.9151271904704574
3870,20090520,0.7769005602878226
3871,20090521,0.873070358938942
3872,20090522,1.2696559396498808
3873,20090525,1.0361324665815488
3874,20090526,1.1534066769387041
3875,20090527,0.8926934282050422
3876,20090601,1.0817027492181854
3877,20090602,1.7038113009936993
3878,20090603,3.030865231584225
3879,20090604,2.5820389115868356
3880,20090605,2.8699560912985556
3881,20090608,1.7517274824944824
3882,20090609,1.6938541905056395
3883,20090610,1.0800248629359805
3884,20090611,2.066649952945032
3885,20090612,1.3975765364337303
3886,20090615,1.7645223450304734
3887,20090616,1.507830195049976
3888,20090617,2.617932076803171
3889,20090618,2.019841589326588
3890,20090619,2.1203649556361825
3891,20090622,1.512995614602472
3892,20090623,1.092264968440763
3893,20090624,0.8843058454829756
3894,20090625,1.3592435144465542
3895,20090626,1.4603007054573809
3896,20090629,0.9835010550533936
3897,20090630,1.7365109380464707
3898,20090701,0.6252200180017281
3899,20090702,0.855788926357284
3900,20090703,0.4278017871276254
3901,20090706,0.7776606036429409
3902,20090707,1.190870413825982
3903,20090708,0.7874796107813107
3904,20090709,0.7075727455916606
3905,20090710,1.8632405399779237
3906,20090713,0.8388196488294088
3907,20090714,0.6253447862494154
3908,20090715,0.738028182355887
3909,20090716,1.2157418062904146
3910,20090717,1.4677434596296148
3911,20090720,1.0091335718102081
3912,20090721,1.3508626901632017
3913,20090722,0.5038053960013423
3914,20090723,0.6575103568513871
3915,20090724,0.7924392624290585
3916,20090727,0.6283892185211649
3917,20090728,0.48748294965079253
3918,20090729,1.1459373163968094
3919,20090730,0.9878039113057787
3920,20090731,0.6683940647822104
3921,20090803,1.9832721039225583
3922,20090804,0.8276296172357331
3923,20090805,0.9333738150948949
3924,20090806,0.7683436488855835
3925,20090807,1.7641515413677322
3926,20090810,0.8812465593824468
3927,20090811,1.8258605761387658
3928,20090812,1.1912365675848597
3929,20090813,1.206205043069804
3930,20090814,1.9046527229662984
3931,20090817,1.3605757875982405
3932,20090818,1.3222932208289582
3933,20090819,1.3164541031621808
3934,20090820,1.7529545935017614
3935,20090821,0.909859677313277
3936,20090824,1.1821623382776643
3937,20090825,1.4656043458694996
3938,20090826,1.4078178273589743
3939,20090827,1.3955008729018947
3940,20090828,1.50944852906348
3941,20090831,1.381348702830064
3942,20090901,1.161169660217087
3943,20090902,1.0569592456338952
3944,20090903,1.1272615581519965
3945,20090904,1.4271251759985368
3946,20090907,0.741189638585589
3947,20090908,1.1907500684653347
3948,20090909,0.8581557021141404
3949,20090910,1.4844653847490403
3950,20090911,0.6988428794170177
3951,20090914,1.6528854524593155
3952,20090915,2.2199988061681375
3953,20090916,1.7313114612577416
3954,20090917,3.131324328375682
3955,20090918,1.279021354505948
3956,20090921,2.7948407489989457
3957,20090922,2.402613648926047
3958,20090923,1.3053220391128766
3959,20090924,1.2213580345524286
3960,20090925,0.9452780635574826
3961,20090928,1.4884064601961462
3962,20090929,2.036799905652346
3963,20090930,1.4038459550766431
3964,20091009,1.6031975559162868
3965,20091012,1.183638288552942
3966,20091013,0.7949742076420285
3967,20091014,0.6352757778473601
3968,20091015,2.1824638741186795
3969,20091016,0.9077103562613028
3970,20091019,2.8042202530556675
3971,20091117,3.3261971457170345
3972,20091118,1.017120110241232
3973,20091119,0.641161522520441
3974,20091120,1.1736276893633042
3975,20091123,0.8561833650865279
3976,20091124,1.0768543489664613
3977,20091125,1.1906288074565952
3978,20091126,1.3728958099403403
3979,20091127,1.1299316862249136
3980,20091130,1.2151220785099959
3981,20091201,0.7665710760097489
3982,20091202,1.7524136539764785
3983,20091203,0.7561391619458665
3984,20091204,1.1698174977116276
3985,20091207,1.6674911561528427
3986,20091208,0.9929513777634399
3987,20091209,1.0386438882816837
3988,20091210,0.8098837927426932
3989,20091211,2.3792062858087
3990,20091214,0.8046475797996985
3991,20091215,1.9636988004140254
3992,20091216,1.15572271391665
3993,20091217,1.53988400359684
3994,20091218,2.034953934879692
3995,20091221,1.8125061389187325
3996,20091222,2.413378401533014
3997,20091223,2.544563447422761
3998,20091224,1.637522729084888
3999,20091225,2.4256532337785726
4000,20091228,2.0162950062511906
4001,20091229,1.996885203021907
4002,20091231,1.2069742599265791
4003,20100104,2.1816548902771524
4004,20100105,1.3562670316508272
4005,20100106,1.642665665886059
4006,20100107,1.4122793698927576
4007,20100108,1.2608599287707218
4008,20100111,0.9303300433600163
4009,20100112,0.7787600638707767
4010,20100113,1.554593540513231
4011,20100114,2.3488262855523505
4012,20100115,1.2897671247277507
4013,20100118,1.1701853747343312
4014,20100119,1.4065998851335895
4015,20100120,1.4014618204351021
4016,20100121,1.8896722096805696
4017,20100122,1.8930286561462515
4018,20100125,1.7554999282398898
4019,20100126,2.074347860641149
4020,20100127,2.2863424224618383
4021,20100128,1.2991457337209837
4022,20100129,1.8910443240859869
4023,20100201,2.1507872134503367
4024,20100202,1.2204640359449705
4025,20100203,1.3133546680311396
4026,20100204,1.8816958110939035
4027,20100205,1.7581152522428718
4028,20100208,1.1716238717095657
4029,20100209,1.1065694500495655
4030,20100210,2.6009415019996185
4031,20100211,1.6696384604449577
4032,20100212,0.8092535721293463
4033,20100222,0.6566218872301782
4034,20100223,1.6310202755109247
4035,20100224,1.0925092572032176
4036,20100225,0.7418644252771388
4037,20100226,1.677693199710064
4038,20100301,1.0321559524165098
4039,20100302,2.224169990556381
4040,20100303,1.4338924743430193
4041,20100304,1.7512686911280737
4042,20100305,1.5221560208578468
4043,20100308,3.2188576897742975
4044,20100309,1.0464635776360898
4045,20100310,2.1624580001521108
4046,20100311,1.3068369543095593
4047,20100312,2.185277560424913
4048,20100315,1.007393127896018
4049,20100316,1.210089842241803
4050,20100317,0.9848679753172283
4051,20100318,1.5029618077387101
4052,20100319,0.9893460830185852
4053,20100322,1.5353163493872168
4054,20100323,1.2374005738503846
4055,20100324,1.029929793066211
4056,20100325,0.977789193152772
4057,20100326,1.859378340109194
4058,20100329,0.5186846882467858
4059,20100330,1.217687976461346
4060,20100331,0.8158816581457569
4061,20100401,1.0050970252174152
4062,20100402,0.9853452297829207
4063,20100406,1.0402333087121562
4064,20100407,1.2391961350026213
4065,20100408,0.6756456307718866
4066,20100409,1.3133490145391837
4067,20100412,0.6654166839167305
4068,20100413,1.456823334233938
4069,20100414,0.7589550299048519
4070,20100415,1.6468433088102308
4071,20100416,0.7635645872699571
4072,20100419,1.4577559629781933
4073,20100420,0.8099050648431673
4074,20100421,0.9985784836717814
4075,20100422,0.8384814333472901
4076,20100423,1.2802470802291408
4077,20100426,1.4093526008715287
4078,20100427,1.3600554169559262
4079,20100428,0.7326474146218893
4080,20100429,0.839299468199007
4081,20100430,1.785588747538719
4082,20100504,0.7059565831127136
4083,20100505,1.1027262294452262
4084,20100506,1.1770637960231154
4085,20100507,0.8212429007716471
4086,20100510,0.8956208555041105
4087,20100511,0.8861018526745911
4088,20100512,0.9940196432126762
4089,20100513,0.7772436078608763
4090,20100514,0.8802714849401053
4091,20100517,1.7927953760290083
4092,20100518,1.3733964855588505
4093,20100519,1.4004313280881557
4094,20100520,1.6451266690525768
4095,20100521,1.0402446333846134
4096,20100524,1.6162881722723128
4097,20100525,1.4113863577121812
4098,20100526,0.7646927085989514
4099,20100527,1.5448371301526316
4100,20100528,1.2237298796057532
4101,20100531,1.1502108202395895
4102,20100601,1.3558787765065619
4103,20100602,1.6059855568386332
4104,20100603,1.0979336594378921
4105,20100604,1.0868007542135911
4106,20100607,4.193339418072659
4107,20100608,1.4372433520286294
4108,20100609,0.758901743103374
4109,20100610,1.6461544637940178
4110,20100618,1.8453472430332072
4111,20100621,1.3516679720369298
4112,20100622,1.5983263832930203
4113,20100623,1.3548867786215293
4114,20100624,1.024019189011048
4115,20100625,1.526764718345953
4116,20100628,1.5775282384048497
4117,20100630,0.6118692934169356
4118,20100701,1.0520868175800084
4119,20100702,1.704316812402792
4120,20100705,2.4241686940652385
4121,20100706,1.612618315844605
4122,20100707,1.7218532366764794
4123,20100708,0.9891439138273803
4124,20100709,0.0
4125,20100712,0.0
4126,20100713,0.0
4127,20100714,1.5866213775868345
4128,20100715,2.5937181157401894
4129,20100716,1.9137974029327038
4130,20100719,1.1327901767231858
4131,20100720,1.3586556547763382
4132,20100721,2.1313856905006814
4133,20100722,1.5348346843667955
4134,20100723,3.0245449706938423
4135,20100726,1.3300382703212816
4136,20100727,1.822473247141249
4137,20100728,1.3058442494738587
4138,20100729,1.9107700754835624
4139,20100730,1.3322966633720263
4140,20100802,1.206120798617708
4141,20100803,1.2256959922239363
4142,20100804,1.4975546966157691
4143,20100805,2.1543709697250155
4144,20100806,2.9347200510240254
4145,20100809,1.2172622669998072
4146,20100810,1.9824471594849118
4147,20100811,1.7595157780435344
4148,20100812,1.0632988211326442
4149,20100813,1.669117285063063
4150,20100816,1.0079496391860507
4151,20100817,3.626984151337775
4152,20100818,1.9120790530785805
4153,20100819,1.1860760848936287
4154,20100820,2.253257781743182
4155,20100823,1.0504124991789106
4156,20100824,1.554545671313747
4157,20100825,1.1700659766927912
4158,20100826,1.987918766563026
4159,20100827,1.6155143918135275
4160,20100830,1.1031541542554035
4161,20100901,2.9753915303190515
4162,20100902,3.059357717305332
4163,20100903,1.1738201723263444
4164,20100906,1.3775992987808254
4165,20100907,0.9591139826855667
4166,20100908,1.3861956044138684
4167,20100909,1.325535485164868
4168,20100910,0.8744121514983735
4169,20100913,1.0895579416520829
4170,20100914,1.012285839174089
4171,20100915,1.334891579753818
4172,20100916,2.4885218930833815
4173,20100917,0.9217625870499804
4174,20100920,0.8872493692851425
4175,20100921,2.839650344567282
4176,20100927,1.1796980513677544
4177,20100928,1.2250569262260003
4178,20100929,0.9406309365249073
4179,20100930,1.1107845597567911
4180,20101008,0.7797656434959411
4181,20101011,0.9714887181183449
4182,20101012,0.6113506735245628
4183,20101013,1.3282238254283723
4184,20101014,1.5689971368975208
4185,20101015,0.9092187440121744
4186,20101018,0.8433324257922516
4187,20101019,0.9116348938814312
4188,20101020,0.534738047035814
4189,20101021,0.6916316872930819
4190,20101022,0.5887022257011383
4191,20101025,1.5721768851139217
4192,20101026,0.7592904327092966
4193,20101027,0.8896851659493669
4194,20101028,1.255653231503924
4195,20101029,0.9530700499147889
4196,20101101,1.3191049251917202
4197,20101102,0.7741398773475932
4198,20101103,1.560214118721481
4199,20101104,1.5724896460924995
4200,20101105,1.112851017686401
4201,20101108,1.7575149484884158
4202,20101109,0.8525994039471486
4203,20101110,0.8320773836901739
4204,20101111,0.9794491649178424
4205,20101112,1.2381216572840799
4206,20101115,0.5874134829619748
4207,20101116,0.8686446328455726
4208,20101117,0.7489676485426269
4209,20101118,2.916953972134141
4210,20101119,1.376100438429278
4211,20101122,1.6658354902455494
4212,20101123,1.1884106991009777
4213,20101124,1.641424479400382
4214,20101125,1.3685657277205305
4215,20101126,1.7923933308144955
4216,20101129,2.0086982016245787
4217,20101130,1.4356070526404616
4218,20101201,3.6605233718543335
4219,20101202,1.892780165539907
4220,20101203,2.662961420396126
4221,20101206,1.391925384841119
4222,20101207,1.4650028419652503
4223,20101208,1.0556287285388428
4224,20101209,1.3505769862333525
4225,20101210,1.0059484681994841
4226,20101213,1.191823337956977
4227,20101214,1.5341328429505265
4228,20101215,1.8940029100116818
4229,20101216,0.8076858034341678
4230,20101217,1.0937279480100879
4231,20101220,1.4065392212269707
4232,20101221,0.9414782055030286
4233,20101222,0.9263017403213233
4234,20101223,0.7282185445064984
4235,20101224,0.9752101194984494
4236,20101227,0.8842072194809136
4237,20101228,0.9123195846022205
4238,20101229,0.7660974734697947
4239,20101231,0.6513845532600147
4240,20110104,0.49950818382689127
4241,20110105,0.9923756625448016
4242,20110106,0.7556366270961873
4243,20110107,0.607593199285221
4244,20110110,1.030464711989013
4245,20110111,0.5791530428617281
4246,20110112,0.6303150406728881
4247,20110113,0.44287133103010945
4248,20110114,1.4699155477758434
4249,20110117,0.7994927600433277
4250,20110118,0.8812289972047813
4251,20110119,1.3687007319425863
4252,20110120,1.4036545340034776
4253,20110121,0.7770218537341879
4254,20110124,1.2924276639751715
4255,20110125,1.576337620553453
4256,20110126,1.390268796290799
4257,20110127,1.0203128525093292
4258,20110128,3.23699916141379
4259,20110131,1.466705019621714
4260,20110201,1.917030495992918
4261,20110209,2.236146341638838
4262,20110210,0.9887667368432913
4263,20110211,2.085088075096278
4264,20110214,0.8920129707021153
4265,20110215,1.231553086549476
4266,20110216,1.7778975118330367
4267,20110217,1.0216844967684326
4268,20110218,1.5342696675893723
4269,20110221,3.201157480546982
4270,20110222,1.26722690118373
4271,20110223,3.7544635129574604
4272,20110224,1.4899362238201874
4273,20110225,1.9959887956404054
4274,20110228,1.899787899207154
4275,20110301,2.870499717432537
4276,20110302,1.9022187906739512
4277,20110303,0.9246507174613954
4278,20110304,0.9947592829207508
4279,20110307,3.2910026274239037
4280,20110308,1.7073902092153577
4281,20110309,2.456248689811969
4282,20110310,1.00941284952345
4283,20110311,1.424880380263972
4284,20110314,1.6945237362027306
4285,20110315,1.3765190359034105
4286,20110316,1.4437348840927227
4287,20110317,1.2734541225579081
4288,20110318,0.9630098743578285
4289,20110321,1.2574364941066716
4290,20110322,2.3677589126507366
4291,20110323,0.8708422216628954
4292,20110324,4.318052952265295
4293,20110325,1.4614292908117112
4294,20110328,1.527872370159552
4295,20110329,1.6687576482078803
4296,20110330,1.4373295841693348
4297,20110331,2.4271166497535095
4298,20110401,0.9358190896896328
4299,20110429,2.5127103655011105
4300,20110503,2.324664015339437
4301,20110504,1.7261515096827917
4302,20110505,1.093918250350024
4303,20110506,1.5352003978479645
4304,20110509,1.403991667238782
4305,20110510,2.2897362972188926
4306,20110511,1.3380564559598518
4307,20110512,1.2737495357639315
4308,20110513,2.2289288500492446
4309,20110516,2.27343299234232
4310,20110517,1.0389453955640864
4311,20110518,1.55854125700325
4312,20110519,1.1730110757398158
4313,20110520,1.2077431594222985
4314,20110523,1.2981927305022383
4315,20110524,2.421594120645897
4316,20110525,0.9789222039866838
4317,20110526,0.8572283010299676
4318,20110527,1.3980107976986327
4319,20110531,1.9964268232208648
4320,20110601,1.5327313027507679
4321,20110602,0.0
4322,20110603,2.6970253173073298
4323,20110607,1.3752006226528701
4324,20110608,4.087312220027045
4325,20110609,2.0862804011509763
4326,20110610,1.3799348830172689
4327,20110613,1.7709471463093467
4328,20110614,1.2920920915270273
4329,20110615,1.8422941503671189
4330,20110616,2.9529032934000803
4331,20110617,1.2943200097691183
4332,20110620,1.1621664350130876
4333,20110621,1.094076513025939
4334,20110622,0.9165632834758879
4335,20110623,1.104931265928463
4336,20110624,1.1152446373012974
4337,20110627,3.341181826082859
4338,20110629,1.5084615111713326
4339,20110630,1.9688618274379681
4340,20110701,1.3534059750056617
4341,20110704,0.8400104216679258
4342,20110705,0.9277574568068718
4343,20110706,0.9457603159126391
4344,20110707,0.7586638491856089
4345,20110708,1.2628955138722897
4346,20110711,0.7291801539863275
4347,20110712,1.353247204335334
4348,20110713,0.6434756582231904
4349,20110714,1.6383960439879022
4350,20110715,0.8924339062131503
4351,20110718,1.5654308874003586
4352,20110719,0.7488537683681665
4353,20110720,1.2047832252120196
4354,20110721,1.4677208973938594
4355,20110722,0.9011010992448953
4356,20110725,1.765348961813645
4357,20110726,0.9299156170244799
4358,20110727,0.5586644696691159
4359,20110728,1.1125335733419326
4360,20110729,0.494239897496288
4361,20110801,0.6183669831379418
4362,20110802,1.8899396128772634
4363,20110803,0.7890991888293487
4364,20110804,0.6512139096711216
4365,20110805,1.515675317511148
4366,20110808,1.4747059357666181
4367,20110809,1.4126500733265015
4368,20110810,1.0109391744959506
4369,20110811,1.7157967462531394
4370,20110812,1.0834287068320634
4371,20110815,0.8773458875609457
4372,20110816,0.8668908494019705
4373,20110817,1.1966059210229039
4374,20110818,0.9552546991982316
4375,20110819,0.7861240754396074
4376,20110822,1.3489457661840267
4377,20110823,1.3822667130242487
4378,20110824,4.394216402254373
4379,20110825,1.8243313079428687
4380,20110826,1.0109768178072371
4381,20110829,1.204401897760306
4382,20110830,1.49202386862801
4383,20110831,1.4040991759954455
4384,20110901,1.8049374971679657
4385,20110902,1.8594419195986274
4386,20110905,1.4710598270016353
4387,20110906,2.079176437588725
4388,20110907,1.2166875672669337
4389,20110908,1.285560776007725
4390,20110909,1.2028127614210036
4391,20110913,1.5628248461401362
4392,20110914,1.3210286422826572
4393,20110915,2.0084832883208454
4394,20110916,0.9341631713946499
4395,20110919,1.2646976184182046
4396,20110920,1.4766887399073523
4397,20110921,0.9925762483204188
4398,20110922,0.9771253506676795
4399,20110923,1.2679075988085415
4400,20110926,1.1357116409788015
4401,20110927,1.0055939792083348
4402,20110928,1.4391759981747705
4403,20110929,2.49833665548961
4404,20110930,1.0171935186686634
4405,20111010,0.9024044715449141
4406,20111011,1.2974422193134987
4407,20111012,1.0912394287272877
4408,20111013,2.4331407857133875
4409,20111014,0.8221234245502694
4410,20111017,0.9251692236441069
4411,20111018,1.2002317586543407
4412,20111019,1.295630032299553
4413,20111020,1.0695692117860263
4414,20111021,1.4973094098869877
4415,20111024,1.5318632642444836
4416,20111025,1.2965496643563312
4417,20111026,2.096990754553034
4418,20111027,1.3744295149553634
4419,20111028,1.2486316083407711
4420,20111031,1.147790128263257
4421,20111101,0.9318361118148366
4422,20111102,1.95871798631777
4423,20111103,1.5356154498623231
4424,20111104,1.0765489763793925
4425,20111107,1.0659977827495843
4426,20111108,0.9738194965422002
4427,20111109,1.3391167272452376
4428,20111110,0.9667469567569068
4429,20111111,1.7807291591814385
4430,20111114,2.1227625847335694
4431,20111115,2.58391102698296
4432,20111116,1.0401620851534015
4433,20111118,1.4400686961185531
4434,20111121,0.9923081303496751
4435,20111122,0.7728175659748513
4436,20111123,1.0446779408218227
4437,20111124,3.778532612772708
4438,20111125,1.7031667738565222
4439,20111128,1.700419178317917
4440,20111129,1.42241710397162
4441,20111130,1.5889271001762755
4442,20111201,0.5208395599662586
4443,20111202,1.4041918262188546
4444,20111205,1.6789272448836723
4445,20111206,0.9233359749000718
4446,20111207,0.7042918187772363
4447,20111208,1.1770527979924836
4448,20111209,1.2317234358912608
4449,20111212,1.032815006989226
4450,20111213,1.9676125246570135
4451,20111214,1.7947511632794955
4452,20111215,1.5079534194984359
4453,20111216,0.8058971946107757
4454,20111219,1.2166019468900053
4455,20111220,1.0351381815680545
4456,20111221,1.839082811649393
4457,20111222,2.0522431133264427
4458,20111223,0.9537894757380291
4459,20111226,1.9147110776899887
4460,20111227,1.2902032118343798
4461,20111228,0.8972981929487562
4462,20111229,1.0454619394075926
4463,20111230,0.869126960921878
4464,20120104,1.3696658050168249
4465,20120105,1.7192464524569695
4466,20120106,1.9267246259222648
4467,20120109,1.1886848239894705
4468,20120110,1.5851904863769677
4469,20120111,2.650194245446035
4470,20120112,1.0253585230178714
4471,20120113,1.0758625454253092
4472,20120116,3.744090477259435
4473,20120117,1.5874228699980473
4474,20120118,1.2817827206280732
4475,20120119,1.6764118669455124
4476,20120120,1.9215468291415951
4477,20120130,1.149663163621467
4478,20120131,1.3305831386490057
4479,20120201,0.9430996002380599
4480,20120202,1.1232039257628648
4481,20120203,2.3846691002124794
4482,20120206,1.3944027013695384
4483,20120207,1.202046852905083
4484,20120208,1.2779489165521822
4485,20120209,3.171678452493585
4486,20120210,3.5713827108390523
4487,20120213,1.6365120644590734
4488,20120214,1.4170739347957424
4489,20120215,3.4853382989322346
4490,20120216,2.1854132686717453
4491,20120217,2.4490808204984726
4492,20120220,2.8668088035212866
4493,20120221,1.5654259599852427
4494,20120222,1.6595476354183982
4495,20120223,1.0694777413457552
4496,20120224,3.219175280771914
4497,20120227,2.0535745739396902
4498,20120228,4.602196188831355
4499,20120229,2.1421259663129297
4500,20120307,3.0302909268133904
4501,20120308,2.229450698345345
4502,20120309,1.187252512311518
4503,20120312,1.122845177317699
4504,20120313,0.7672325465900665
4505,20120314,1.7824237603911552
4506,20120315,2.0279830203332456
4507,20120316,1.4212340913372468
4508,20120319,1.6977199647317
4509,20120320,1.0218793531113894
4510,20120321,1.1274596572511255
4511,20120322,1.7881971372322152
4512,20120323,1.6744379919404693
4513,20120326,1.4570226498692571
4514,20120327,0.8569834289728504
4515,20120328,1.7596414211262803
4516,20120329,0.9888321298719893
4517,20120330,1.5858339919004434
4518,20120405,1.0778138903715135
4519,20120406,1.0711696151788133
4520,20120409,2.6551033455458812
4521,20120410,1.157846206170204
4522,20120411,1.2660194733461507
4523,20120412,1.1014563942711766
4524,20120413,1.6723426722958912
4525,20120416,1.3759150912125635
4526,20120417,1.213818503605187
4527,20120418,1.6472886402710514
4528,20120419,1.3950130113927413
4529,20120420,0.8852619984786799
4530,20120423,1.4482730825322452
4531,20120424,1.3784934389164176
4532,20120425,1.2861910601178175
4533,20120426,1.3436432300228787
4534,20120427,1.1197478161704852
4535,20120502,1.7562738327519727
4536,20120503,1.2447999601896582
4537,20120504,1.1836053291240096
4538,20120507,0.9041368072026604
4539,20120508,1.378257651708741
4540,20120509,1.1699580707606423
4541,20120510,1.197330869324969
4542,20120511,1.1895616234448483
4543,20120514,0.5884907119481476
4544,20120515,1.3176571771157441
4545,20120516,0.9895161679131168
4546,20120517,0.9631404856757135
4547,20120518,4.594465110920588
4548,20120521,3.9392253380647655
4549,20120522,1.8148914816239279
4550,20120523,4.07532241890373
4551,20120524,2.2807005988348936
4552,20120525,1.5873675980541377
4553,20120528,1.9060790456746108
4554,20120529,1.0200518913200673
4555,20120531,0.964669243839485
4556,20120601,1.3695314907288827
4557,20120604,1.4578467960538628
4558,20120605,1.0069171027065553
4559,20120606,1.2321005766018729
4560,20120607,1.4091244257270825
4561,20120608,0.873440472544184
4562,20120611,1.0228559954027503
4563,20120612,1.035420839378188
4564,20120613,0.7031065935207758
4565,20120614,0.960793843916863
4566,20120615,1.032955736982767
4567,20120618,0.6818758644007962
4568,20120619,1.554538890380137
4569,20120620,1.1019497088591934
4570,20120621,1.0960568433601532
4571,20120625,1.8692078103541943
4572,20120626,1.0056836596110728
4573,20120627,0.931925026203889
4574,20120628,1.5878080485148314
4575,20120629,1.1329610621971966
4576,20120702,0.638921357141379
4577,20120703,0.5526244103701907
4578,20120704,0.8321345304411676
4579,20120705,1.7558942921314038
4580,20120706,1.528355689956713
4581,20120709,0.8736234282237453
4582,20120710,0.660399183802551
4583,20120711,1.2450828153085574
4584,20120712,0.9431660490193036
4585,20120713,3.80804002512661
4586,20120716,1.3527302318666998
4587,20120717,0.9783778165449719
4588,20120718,2.190531473388787
4589,20120719,1.7968023013385055
4590,20120720,1.752447047950787
4591,20120723,2.472085210411197
4592,20120724,1.1761064602911266
4593,20120725,1.2448897817734563
4594,20120726,0.9678779631678203
4595,20120727,0.5179970902441724
4596,20120730,2.29687259088624
4597,20120731,1.341959466984322
4598,20120801,0.9644741175334357
4599,20120802,0.8145817079544571
4600,20120803,1.2009089798296564
4601,20120806,2.0797940566005924
4602,20120807,0.8062487587370342
4603,20120808,1.0131292353639723
4604,20120809,0.8402934229254785
4605,20120810,2.4692773371465355
4606,20120813,1.2568757658316334
4607,20120814,1.8386198155596118
4608,20120815,1.3178634095536836
4609,20120816,1.2700662256727395
4610,20120817,1.1605929389804215
4611,20120820,0.8769209417398247
4612,20120821,1.8762008585277556
4613,20120822,1.5531545154590671
4614,20120823,1.7207735768601733
4615,20120824,1.3647555047716997
4616,20120827,0.7798344026227372
4617,20120828,1.6108590481554914
4618,20120829,2.0197759447021126
4619,20120830,1.5799685158451937
4620,20120831,2.8105993968646983
4621,20120903,1.9736956376153958
4622,20120904,1.157218020869661
4623,20120905,1.7408223132805682
4624,20120906,1.0063914628138046
4625,20120907,0.7049356935974168
4626,20120910,0.985643722807441
4627,20120911,0.9152385820959742
4628,20120912,1.3825362393182996
4629,20120913,4.126023488658049
4630,20120914,1.3375061135151065
4631,20120917,1.1388514112235593
4632,20120918,1.096542958728319
4633,20120919,0.949569888632602
4634,20120920,1.7793026417644362
4635,20120921,1.0723243996636278
4636,20120924,1.0995955419431263
4637,20120925,1.456459377699848
4638,20120926,1.4580784925491868
4639,20120927,0.7637513148354141
4640,20120928,0.8513714988128958
4641,20121008,0.835761740421223
4642,20121009,1.2945547558902248
4643,20121010,1.912086097528668
4644,20121011,1.1806018611441005
4645,20121012,1.0968587848586964
4646,20121015,0.7827759858110966
4647,20121016,1.1834856600329333
4648,20121017,0.8706087356450535
4649,20121018,0.6930574869714399
4650,20121019,0.8703384873751264
4651,20121022,0.7254796521402415
4652,20121023,0.9968826388536062
4653,20121024,1.0689199790523207
4654,20121025,0.5171541295703721
4655,20121026,1.3565239953627928
4656,20121029,0.9271173158551674
4657,20121030,0.48586519375362763
4658,20121031,0.8027146045282683
4659,20121101,0.712375178397598
4660,20121102,1.0785618178231835
4661,20121105,0.5752309265023573
4662,20121106,1.0283525034130099
4663,20121107,0.8578762935045606
4664,20121108,1.64347916191389
4665,20121109,0.7745068994514684
4666,20121112,0.959027599581556
4667,20121113,0.6362259514594549
4668,20121114,1.0839459613492983
4669,20121115,1.215357515463212
4670,20121116,1.0117117259561295
4671,20121119,0.5857476532723083
4672,20121120,0.6713809517253069
4673,20121121,2.0282394409394207
4674,20121122,1.2372294114955227
4675,20121123,1.0506835786962805
4676,20121126,0.9535806406046711
4677,20121127,2.723859645369163
4678,20121128,0.7509512345365177
4679,20121129,1.5962870689235655
4680,20121130,0.8013213095933022
4681,20121203,1.024771376806116
4682,20121204,1.2419320053974012
4683,20121205,0.9954659434591542
4684,20121206,0.8768534600446607
4685,20121207,1.2015616312047763
4686,20121210,0.7630834586138606
4687,20121211,0.8129578488305681
4688,20121212,1.4335968276995288
4689,20121213,1.0224448351141524
4690,20121214,1.0195642522637893
4691,20121217,1.1917464451583104
4692,20121218,0.7093410033016123
4693,20121219,0.8270415233752018
4694,20121220,1.1084244495476412
4695,20121221,1.9647879783943496
4696,20121224,1.1630457815440276
4697,20121225,1.2450528457584438
4698,20121226,2.2144008054113793
4699,20121227,1.1336530476745361
4700,20121228,0.8240442324881632
4701,20121231,1.0174806570151285
4702,20130104,0.8386008046352571
4703,20130107,0.9347932559743691
4704,20130108,0.7031590668467986
4705,20130109,1.0346765654670331
4706,20130110,0.6742891451724575
4707,20130111,1.613437965179048
4708,20130114,1.1306619880472586
4709,20130115,1.1161243832033856
4710,20130116,0.9354773631532826
4711,20130117,0.6995030054894578
4712,20130118,0.7436229368321307
4713,20130121,2.5388858072477007
4714,20130122,1.0190124702887764
4715,20130123,1.6056613300613616
4716,20130124,1.8256865056329148
4717,20130125,0.9098742770752323
4718,20130128,0.6286675486479004
4719,20130129,1.5105144096625032
4720,20130130,1.3114987913657308
4721,20130131,0.7580525444925891
4722,20130201,0.6389528663712709
4723,20130204,0.7327909829582385
4724,20130205,0.7788346957565604
4725,20130206,0.7106804196787434
4726,20130207,0.7307289082336804
4727,20130208,0.7302339949596595
4728,20130218,0.9419529936734925
4729,20130219,0.8519355787627163
4730,20130220,0.4965237994236116
4731,20130221,1.0029341728747012
4732,20130222,1.1035065644139688
4733,20130225,0.6933761335185484
4734,20130226,0.9450677052796571
4735,20130227,0.7277562105773545
4736,20130228,0.8540308016590457
4737,20130301,0.749311837580088
4738,20130304,0.9452669311332581
4739,20130305,0.7298478061846477
4740,20130306,1.0178809830441955
4741,20130307,0.7447293437241742
4742,20130308,0.8401244875794439
4743,20130311,0.6240372829152903
4744,20130312,1.7839562326265315
4745,20130313,1.0825529665211353
4746,20130314,0.6441621409358623
4747,20130315,0.9561450250891462
4748,20130318,0.6298837095562801
4749,20130319,1.4143636487934963
4750,20130320,1.3380303968596623
4751,20130321,1.812093502036136
4752,20130322,1.7851772158261312
4753,20130325,0.8060425762928506
4754,20130326,0.9610158167764399
4755,20130327,0.6302785907986782
4756,20130328,1.2177997482649192
4757,20130329,0.8290777997667887
4758,20130401,0.6240467589822382
4759,20130402,0.9469963574158179
4760,20130403,1.0538489896032572
4761,20130408,0.8633048123864584
4762,20130409,4.380748673132138
4763,20130410,2.1366536544231947
4764,20130411,1.7411624294766133
4765,20130412,1.3586955610584852
4766,20130415,1.3150105648146921
4767,20130416,1.0412121145921047
4768,20130417,2.870223231449382
4769,20130418,0.9769568877941306
4770,20130419,1.1832961889044966
4771,20130422,1.072900516618085
4772,20130423,0.9023094012328629
4773,20130424,2.1270053360805354
4774,20130425,1.5376994710660563
4775,20130426,1.2377339318128928
4776,20130502,3.1572773145109063
4777,20130503,1.7599562806742761
4778,20130506,1.3931222547579336
4779,20130507,1.316850521793176
4780,20130508,2.679916095000978
4781,20130509,1.3093879916698485
4782,20130510,1.4295596743242125
4783,20130513,1.6412511416728544
4784,20130514,1.8126072816305594
4785,20130515,2.475368762774437
4786,20130516,1.9422142999146823
4787,20130517,1.1782109182505884
4788,20130520,1.9590552329284199
4789,20130521,1.545448748424875
4790,20130522,2.4391876312961593
4791,20130523,1.6526918685782501
4792,20130524,2.4708829173803935
4793,20130527,1.3767290283570233
4794,20130528,1.1461091913960868
4795,20130529,1.7525303675647677
4796,20130530,2.3448900475575374
4797,20130531,1.2575666814425241
4798,20130603,1.6500615640550353
4799,20130604,2.145471346970305
4800,20130605,1.3664684276391001
4801,20130606,1.4930344242605404
4802,20130607,1.4544491284854746
4803,20130613,1.105657308404856
4804,20130614,1.6213387529059298
4805,20130617,1.3895446113925043
4806,20130618,1.4992383483904521
4807,20130619,1.080358406420784
4808,20130620,1.4462866464046593
4809,20130621,0.9847679893079095
4810,20130624,0.9007710146246829
4811,20130625,1.6038838903580994
4812,20130626,3.136845737503056
4813,20130627,1.7931760518729112
4814,20130628,1.0179915668234534
4815,20130701,1.6214449435824496
4816,20130702,1.1802890419388443
4817,20130703,1.961410322397903
4818,20130704,1.5172601861001713
4819,20130705,1.4803580091207738
4820,20130708,1.8252398357303379
4821,20130709,1.1591419659071982
4822,20130710,1.931889437665798
4823,20130711,0.7344469760827298
4824,20130712,1.9973387802736007
4825,20130715,2.6517940401894005
4826,20130716,2.0225146828767926
4827,20130717,1.7018440899485054
4828,20130718,2.8586097292430224
4829,20130719,2.9639920269438713
4830,20130722,2.532955336304698
4831,20130723,2.4618448188532263
4832,20130724,2.1291051840809194
4833,20130725,2.8373057340479004
4834,20130726,2.0253022617501006
4835,20130729,2.4765881628417055
4836,20130730,1.3377082635744177
4837,20130731,2.5598994515815097
4838,20130801,2.082875038015146
4839,20130802,2.0303702199911653
4840,20130805,1.3143368897108176
4841,20130806,3.871923246117419
4842,20130807,2.641739392126844
4843,20130808,1.4401024001308755
4844,20130809,2.8951284132590906
4845,20130812,1.2822893064061096
4846,20130813,1.3697326789743562
4847,20130814,2.3485436529313666
4848,20130815,3.820119501076245
4849,20130816,0.8235890397311157
4850,20130819,2.3251176230095627
4851,20130820,2.8964322132899416
4852,20130821,0.0
4853,20130822,0.0
4854,20130823,2.457041334968655
4855,20130826,2.2092422449557545
4856,20130827,2.22945461081343
4857,20130828,3.7666915659552886
4858,20130829,3.9877711354835865
4859,20130830,3.7619730568876553
4860,20130902,2.9065283288703454
4861,20130903,3.2671563655470477
4862,20130904,2.8164446911457683
4863,20130905,3.761273193032234
4864,20130906,3.9871325632773607
4865,20130909,1.4423698156443827
4866,20130910,2.0316406826611217
4867,20130911,1.2583144081377975
4868,20130912,1.5433419918506581
4869,20130913,1.4763712690441202
4870,20130916,2.5079378432508244
4871,20130917,1.8290861326256782
4872,20130918,2.865445007636584
4873,20130923,4.226141090982877
4874,20130924,3.881181098310054
4875,20130925,2.7026830581055514
4876,20130926,2.4776558352183407
4877,20130927,3.685279450399897
4878,20130930,3.4648668994336975
4879,20131008,2.071271245727844
4880,20131009,2.063810700233328
4881,20131010,2.676771414484862
4882,20131011,3.845174558264997
4883,20131014,4.586700856054653
4884,20131015,4.2453468760581154
4885,20131016,2.891316910188031
4886,20131017,2.9104267752157016
4887,20131018,1.5352122195959166
4888,20131021,3.0428800404389778
4889,20131022,3.145959951220504
4890,20131023,1.3184831733754097
4891,20131024,1.4178813057179889
4892,20131025,3.3780914310491825
4893,20131028,3.113063310034914
4894,20131029,1.938375803037763
4895,20131030,1.7839549921480953
4896,20131031,2.401084811948984
4897,20131101,2.35318030082721
4898,20131104,2.3600768369425427
4899,20131105,2.9724241442097434
4900,20131106,2.728515575717351
4901,20131107,3.0128631206311027
4902,20131108,1.8067378821780677
4903,20131111,2.5563722093725816
4904,20131112,2.310557555615376
4905,20131113,2.116107513593363
4906,20131114,2.2336512578071304
4907,20131115,2.9688490952010684
4908,20131118,1.4543429648687232
4909,20131119,2.5607349866372875
4910,20131120,1.5585779687918402
4911,20131121,2.649228016974139
4912,20131122,1.9585926332405883
4913,20131125,1.476266249964294
4914,20131126,1.208635363275108
4915,20131127,2.312873624585399
4916,20131128,1.1146747671892123
4917,20131129,4.635714984434292
4918,20131202,1.6807708003983164
4919,20131203,1.8965604770007372
4920,20131204,2.0978685577906218
4921,20131205,2.922294596244411
4922,20131206,1.379773064982423
4923,20131209,2.0842433569111227
4924,20131210,1.1831570303060734
4925,20131211,1.6178182160936134
4926,20131212,1.811978910886454
4927,20131213,4.662244161949612
4928,20131216,1.3141602175518752
4929,20131217,2.349014533047598
4930,20131218,3.0195046957618112
4931,20131219,1.5240506467215347
4932,20131220,0.9979106960229397
4933,20131223,1.8800230154314346
4934,20131224,1.34043060806716
4935,20131225,2.034950387289267
4936,20131226,1.6194152870559886
4937,20131227,1.8649073063034107
4938,20131230,1.096459110439483
4939,20131231,0.937421694363214
4940,20140102,3.0354575386889144
4941,20140103,2.55487535042468
4942,20140106,1.481525662764129
4943,20140107,2.546535080624227
4944,20140108,2.408340171906625
4945,20140109,1.9819086486885054
4946,20140110,1.8219889941632506
4947,20140113,2.038616559539232
4948,20140114,2.179806910836526
4949,20140115,1.1014342399592998
4950,20140116,2.002019520891025
4951,20140117,1.922448830837911
4952,20140120,1.8178436898394603
4953,20140121,3.225015880435844
4954,20140122,3.2361759946163886
4955,20140123,4.416581943628028
4956,20140124,2.075944278235881
4957,20140127,3.1210239120987273
4958,20140128,2.176508056306234
4959,20140129,4.348718592782399
4960,20140130,4.138663953073142
4961,20140207,1.8755120921558948
4962,20140210,2.4626073596700806
4963,20140211,2.092465818880697
4964,20140212,1.9395039217029328
4965,20140213,1.7291204605509263
4966,20140214,1.9099583643598206
4967,20140217,1.802564608381843
4968,20140218,1.8900702333095005
4969,20140219,0.9569750617363089
4970,20140220,1.9032252674284091
4971,20140221,1.3522472629820077
4972,20140224,1.148745187450469
4973,20140225,1.7770430143682296
4974,20140226,2.371374159490449
4975,20140227,2.6670479743359943
4976,20140228,1.4714968003738311
4977,20140303,1.4390621812951865
4978,20140304,1.237683982756025
4979,20140305,0.8936228396084616
4980,20140306,1.052632904027011
4981,20140307,1.4655841654960513
4982,20140310,1.121415396090262
4983,20140311,1.3187936386758932
4984,20140312,1.0166070731802868
4985,20140313,0.5074225236766484
4986,20140314,1.8983474844109889
4987,20140317,1.952386817052094
4988,20140318,0.9601767479545277
4989,20140319,1.1600083647490735
4990,20140320,2.2219092266338656
4991,20140321,1.3069449423560169
4992,20140324,1.4044247567442858
4993,20140325,1.1909597912093262
4994,20140326,1.3543551299195444
4995,20140327,1.8176648473337522
4996,20140328,1.9048464770002258
4997,20140331,1.0280931992365325
4998,20140401,1.9308360595946568
4999,20140402,1.3085952504912608
5000,20140403,2.530583798987994
5001,20140404,1.3819037583586236
5002,20140408,0.7128547570667497
5003,20140409,1.3599795160141694
5004,20140410,1.5054813913913103
5005,20140411,1.969828026645388
5006,20140414,1.296201455314092
5007,20140415,2.106401895376849
5008,20140416,2.3417193135509273
5009,20140417,2.1561301347924324
5010,20140418,2.8969542364132215
5011,20140421,0.9749586951487
5012,20140422,2.2863746921358894
5013,20140423,0.7656643317390739
5014,20140424,4.000997273974837
5015,20140425,1.3380474681041339
5016,20140428,2.6153538461493713
5017,20140429,1.4938325599335303
5018,20140430,0.8510897300369669
5019,20140505,0.9612145996930764
5020,20140506,1.182557198283753
5021,20140507,3.3501906162190105
5022,20140508,2.770495986829896
5023,20140509,1.904244036171261
5024,20140512,2.00459819647892
5025,20140513,3.7431820917736376
5026,20140514,5.819605548471942
5027,20140515,2.434336253995052
5028,20140516,3.9010403050040607
5029,20140519,2.7267613099359
5030,20140520,1.9700177500241838
5031,20140521,2.1347268277525497
5032,20140522,1.8917938290559424
5033,20140523,1.570585439847796
5034,20140526,1.7838776423611338
5035,20140527,2.1892140265373055
5036,20140528,1.4461122488092262
5037,20140529,3.390411450654791
5038,20140530,1.116438909556138
5039,20140603,1.537694074689825
5040,20140604,0.9668020561474144
5041,20140605,2.4312027680341934
5042,20140606,1.4526284948050772
5043,20140609,2.9201386587134373
5044,20140610,1.7163686628992807
5045,20140611,2.38905319141362
5046,20140612,2.684210848322952
5047,20140613,0.8540562195236001
5048,20140616,0.7880549970209506
5049,20140617,1.103080068492174
5050,20140618,2.953851083336898
5051,20140619,2.5625293581249156
5052,20140620,1.2551541243557396
5053,20140623,0.7607611203027256
5054,20140624,0.8194355353469619
5055,20140625,2.0721542377828652
5056,20140626,1.8293845965579583
5057,20140627,2.0936120211207654
5058,20140630,1.3897750077518318
5059,20140701,1.9705011399472716
5060,20140702,2.039120443746605
5061,20140703,1.2466081357733045
5062,20140704,1.195460860412975
5063,20140707,1.336183444508475
5064,20140708,1.9832821167575014
5065,20140709,1.2518592388616974
5066,20140710,2.06731194913136
5067,20140711,1.3425940020774554
5068,20140714,0.40804303917088575
5069,20140715,0.6654081080014145
5070,20140716,1.6682446247425153
5071,20140717,1.0406964299030284
5072,20140718,1.3128644295927159
5073,20140721,0.944737205856692
5074,20140722,0.8064336928741158
5075,20140723,1.5270406503622453
5076,20140724,0.7888954802728955
5077,20140725,0.7378887613171548
5078,20140728,0.8148075177631107
5079,20140729,0.7958136073575027
5080,20140730,1.3378354369116798
5081,20140731,1.461992942532489
5082,20140801,0.91624590082857
5083,20140804,1.083254993778811
5084,20140805,1.2740638456886957
5085,20140806,0.8439582907759735
5086,20140807,0.8197353904009884
5087,20140808,1.5496584294354205
5088,20140811,0.8069577945459286
5089,20140812,1.0663914367513037
5090,20140813,1.417209813155156
5091,20140814,1.1274492154781477
5092,20140815,1.2640120175283671
5093,20140818,4.713055710590084
5094,20140819,3.1424995172782597
5095,20140820,1.8203860189232477
5096,20140821,1.8356823908789348
5097,20140822,2.011037361398103
5098,20140825,2.4910786741631328
5099,20140826,1.5257108765901335
5100,20140827,1.3483378543997002
5101,20140828,1.0883304060548424
5102,20140829,2.1833304715408604
5103,20140901,1.6120091208568994
5104,20140902,1.1077172135279167
5105,20140903,1.6817955647767482
5106,20140904,1.0358765904806746
5107,20140905,1.1170199463060695
5108,20140909,1.1341552667396908
5109,20140910,3.316373016720838
5110,20140911,1.1779301538926998
5111,20140912,0.830856727673545
5112,20140915,1.410529903770521
5113,20140916,1.917420176573078
5114,20140917,1.2915975152612025
5115,20140918,0.4876788819061993
5116,20140919,1.2306368240488377
5117,20140922,1.2098182949748344
5118,20140923,0.6532214586008324
5119,20140924,0.7874960269235851
5120,20140925,1.1359883711060943
5121,20140926,0.6869248242848075
5122,20140929,1.213662223244352
5123,20140930,0.7903639500803014
5124,20141008,1.222473322855501
5125,20141009,0.7565652424919966
5126,20141010,1.197253843025686
5127,20141013,0.7011544851524286
5128,20141014,0.6074777377734053
5129,20141015,0.775539852965932
5130,20141016,0.8384200438314974
5131,20141017,1.4457873862306176
5132,20141020,0.7680713637285359
5133,20141021,1.2761361882649673
5134,20141022,0.8846629440718532
5135,20141023,1.564196207004688
5136,20141024,0.9777428149276494
5137,20141027,1.3583513591062657
5138,20141028,0.9458796631733107
5139,20141029,0.6935532106506898
5140,20141030,0.9406363921710472
5141,20141031,0.9567882428995856
5142,20141103,0.794918324790772
5143,20141104,1.240582170915732
5144,20141105,1.0004885690447898
5145,20141106,1.004223558641008
5146,20141107,0.5884946813821251
5147,20141110,0.5340901917216737
5148,20141111,1.1213428986962541
5149,20141112,0.767775272711393
5150,20141113,0.8034921570391098
5151,20141114,0.579305470308731
5152,20141117,0.9558017001195424
5153,20141118,0.5989435257438687
5154,20141119,2.9280790625059043
5155,20141120,0.7226902665648777
5156,20141121,1.047022623434234
5157,20141124,0.6087504161773951
5158,20141125,0.8596066213546701
5159,20141126,0.703046655322269
5160,20141127,0.8836105993367294
5161,20141128,1.6912901263346352
5162,20141201,0.5294590260044143
5163,20141202,0.2872994026212827
5164,20141203,0.35307340980117885
5165,20141204,0.5125428447149941
5166,20141205,0.9766838221280963
5167,20141208,0.2593822955466315
5168,20141209,0.45241663460401677
5169,20141210,0.53455218953859
5170,20141211,0.4394637467086963
5171,20141212,0.537877747393048
5172,20141215,0.7998732442481473
5173,20141216,0.639396357730087
5174,20141217,0.6799562176437924
5175,20141218,0.4604162334225543
5176,20141219,0.7232612096489697
5177,20141222,1.249837486356711
5178,20141223,0.41711288368373844
5179,20141224,0.3462754767294608
5180,20141225,0.361068639393885
5181,20141226,0.39466301604206105
5182,20141229,0.5588610753291215
5183,20141230,0.3810530505072003
5184,20141231,0.30723820983553823
5185,20150105,0.5534487282597179
5186,20150106,0.6236238960866581
5187,20150107,0.27558000515849856
5188,20150108,0.409835927140571
5189,20150109,1.5058910119668731
5190,20150112,1.0679016508771317
5191,20150113,0.7627950936555886
5192,20150114,0.5087708024436995
5193,20150115,0.5297814490271198
5194,20150116,0.7871199632511197
5195,20150119,1.1770866579551384
5196,20150120,1.2805249454505425
5197,20150121,0.5878453361933856
5198,20150122,0.5190329034545281
5199,20150123,0.5808924149843092
5200,20150126,1.0005051766331363
5201,20150127,0.6549918772655371
5202,20150128,0.7168194053183885
5203,20150129,0.5038147966389885
5204,20150130,0.7049608258896515
5205,20150202,1.0121676147552774
5206,20150203,1.7618540393819608
5207,20150204,2.7829126555484707
5208,20150205,0.9175646557459195
5209,20150206,0.8385873381876743
5210,20150209,1.9373417511652302
5211,20150210,1.4070825806452727
5212,20150211,1.480304301136661
5213,20150212,1.8446071597534688
5214,20150213,3.627715888926517
5215,20150216,3.626315540769488
5216,20150217,2.273415116038424
5217,20150225,1.1724270963728622
5218,20150226,0.8362512000273352
5219,20150227,1.8647189180676678
5220,20150302,0.7688234445659279
5221,20150303,1.4383925714614336
5222,20150304,1.2539838365105902
5223,20150305,0.9037256101081755
5224,20150306,1.580315764479091
5225,20150309,0.45830012732373515
5226,20150310,0.817567911314932
5227,20150311,0.9287399859467604
5228,20150312,0.751637538732887
5229,20150313,0.7539211003054412
5230,20150317,1.6916966860268356
5231,20150318,0.7723981611011284
5232,20150319,1.1178701356000733
5233,20150320,1.7632337998603607
5234,20150323,2.444336077662761
5235,20150324,1.7551827284293464
5236,20150325,1.286419944481276
5237,20150326,1.1387516567010827
5238,20150327,0.8614058557096932
5239,20150330,0.6690927699847137
5240,20150331,0.7286734185390105
5241,20150401,1.786686960117552
5242,20150402,1.2214014161542817
5243,20150403,0.880074339309313
5244,20150407,0.6953109389558241
5245,20150408,1.0608235749777364
5246,20150409,1.1666883801465247
5247,20150410,0.7534174211655057
5248,20150413,1.0161078843441336
5249,20150414,0.7582268403360994
5250,20150415,0.9463843882941438
5251,20150416,0.8530658496063033
5252,20150417,0.7514274878165562
5253,20150420,1.2213808633425423
5254,20150421,0.7629364211185079
5255,20150422,0.738326340960172
5256,20150423,2.216200639466832
5257,20150424,1.4325937633214736
5258,20150427,1.6054996563633162
5259,20150428,1.2725962227355048
5260,20150429,1.2835754091534266
5261,20150430,1.603924173575139
5262,20150504,1.6964205924706945
5263,20150505,0.9636010066991856
5264,20150506,1.0968646906126174
5265,20150507,0.656836546009619
5266,20150508,0.8463016867888371
5267,20150511,1.1958256725933658
5268,20150512,1.2827492026150895
5269,20150513,1.6390713622798398
5270,20150514,1.323248958211813
5271,20150515,1.0333300450359906
5272,20150518,0.6191384286403294
5273,20150519,0.6558336696904938
5274,20150520,1.149133305608506
5275,20150521,1.564033439571775
5276,20150522,0.9775024858782597
5277,20150525,1.125506313598849
5278,20150526,1.4979749064167567
5279,20150527,1.0682597386525983
5280,20150528,0.8888197422331858
5281,20150529,1.0369857169620897
5282,20150601,0.8041803478358405
5283,20150602,1.2389893345076495
5284,20150603,0.9900327741097754
5285,20150604,0.9015770897529565
5286,20150605,0.6791173357762044
5287,20150608,1.588752944994369
5288,20150609,0.8290317105297748
5289,20150610,1.443123452933432
5290,20150611,0.8475698723336454
5291,20150612,2.276205231683186
5292,20150615,1.3816910566386107
5293,20150616,1.0309936887437745
5294,20150617,1.425751812655947
5295,20150618,1.317379113295074
5296,20150619,1.294440767665172
5297,20150623,1.089448406848461
5298,20150624,1.7295929629682756
5299,20150625,1.708683513307217
5300,20150626,0.9912130555043484
5301,20150629,1.275938267359994
5302,20150630,1.2089386972088936
5303,20150701,1.4676604005612
5304,20150702,0.8226999004448494
5305,20150703,0.5985404577270215
5306,20150706,1.349005572302908
5307,20150707,0.40931919304864245
5308,20150708,0.8497459059373339
5309,20150709,1.1424615513356913
5310,20150710,0.7385006333342028
5311,20150713,1.0390121841945583
5312,20150714,1.528711385224069
5313,20150715,0.9979400858889601
5314,20150716,1.4394198530781555
5315,20150717,1.2757423530474026
5316,20150720,1.5669095534458948
5317,20150721,1.5595976645168972
5318,20150722,2.2145752151342353
5319,20150723,1.9676610785834945
5320,20150724,2.291071729139772
5321,20150727,1.5549577370342922
5322,20150728,1.277143496922488
5323,20150729,2.119289507241495
5324,20150730,1.3711273083427824
5325,20150731,1.6810384831618002
5326,20150803,1.3905172070082237
5327,20150804,1.3868906137374533
5328,20150805,1.222855406261025
5329,20150806,1.1254140459916502
5330,20150807,1.510680527779343
5331,20150810,1.014589587389277
5332,20150811,2.1219100010630245
5333,20150812,2.939113926981172
5334,20150813,2.6477812763843414
5335,20150814,2.4862726871677574
5336,20150817,2.5261921728206267
5337,20150818,1.056807707104114
5338,20150819,1.8430740954611073
5339,20150820,1.744184970579726
5340,20150821,1.3059301571421218
5341,20150824,0.8731504575816851
5342,20150825,0.713294853186113
5343,20150826,1.4725505308327242
5344,20150827,1.7494250050504014
5345,20150828,1.4931038328492594
5346,20150831,1.324210997880004
5347,20150901,1.1564730959633671
5348,20150902,1.0663423652379083
5349,20150907,2.119464999375142
5350,20150908,2.1766538217811284
5351,20150909,1.629695380322565
5352,20150910,2.795997709928853
5353,20150911,2.7092806349178287
5354,20150914,1.5510729654626185
5355,20150915,1.4511515903396093
5356,20150916,1.5312815615567923
5357,20150917,2.268316201688001
5358,20150918,1.6448534528625711
5359,20150921,1.8299257390598456
5360,20150922,1.2234499773730891
5361,20150923,1.2079903621569377
5362,20150924,0.9770549080313231
5363,20150925,1.5864540570077619
5364,20150928,2.5295958662691103
5365,20150929,6.027300532790127
5366,20150930,3.653168794950108
5367,20151008,2.0836856893093296
5368,20151009,1.1803860188985793
5369,20151012,1.340740503959724
5370,20151013,2.4551055623146794
5371,20151014,1.3024894640113664
5372,20151015,1.8519108222118963
5373,20151016,1.3102170446888848
5374,20151019,1.335167295569034
5375,20151020,1.5745459760282432
5376,20151021,1.7464688171572258
5377,20151022,1.1465106563949559
5378,20151023,1.074151433251286
5379,20151026,0.9560233007449424
5380,20151027,1.3230705034346317
5381,20151028,1.9441066156581412
5382,20151029,1.000861828052144
5383,20151030,0.8916906974750474
5384,20151102,1.3450301433481342
5385,20151103,1.44331384216173
5386,20151104,1.1884897202015956
5387,20151105,1.9199238764434219
5388,20151106,1.269648849701071
5389,20151109,1.0132962724809886
5390,20151110,0.6821231581424978
5391,20151111,0.9803851265659024
5392,20151112,0.9618829490727585
5393,20151113,0.7683088354820595
5394,20151116,1.364121051480015
5395,20151117,1.061912958770559
5396,20151118,1.652809022389396
5397,20151119,2.0447532597842453
5398,20151120,1.902480825066781
5399,20151123,1.3207475496683874
5400,20151124,1.2819338039577115
5401,20151125,1.1140399593983445
5402,20151126,0.9017875193779933
5403,20151127,1.251533884224426
5404,20151130,1.6250091422306958
5405,20151201,1.3031522706506564
5406,20151202,1.1663646861579335
5407,20151203,1.01735793737262
5408,20151204,1.360806062266553
5409,20151207,0.9513950063069102
5410,20151208,1.1293510493055154
5411,20151209,0.9018154196387325
5412,20151210,1.1136442944033214
5413,20151211,0.5373905569272971
5414,20151214,0.9484305946138414
5415,20151215,0.6947459690250083
5416,20151216,1.212194939555268
5417,20151217,0.755092127455348
5418,20151218,0.702330325643632
5419,20151221,1.404303376370645
5420,20151222,0.9424845443993272
5421,20151223,0.756514636823168
5422,20151224,1.2167904403363852
5423,20151225,1.1094063973680919
5424,20151228,1.2937230057183107
5425,20151229,1.3506253087429387
5426,20151230,2.2772129558478977
5427,20151231,1.0063991733073336
5428,20160104,1.2696463343690425
5429,20160105,1.2922521267752591
5430,20160106,0.7109283977886569
5431,20160107,1.2197224660361814
5432,20160108,1.4773214936887633
5433,20160111,1.6662485152038724
5434,20160112,1.8684926484691913
5435,20160113,1.9039077972222525
5436,20160114,1.0135381357956088
5437,20160115,1.7022668012783295
5438,20160118,1.1396082090199762
5439,20160119,1.1947549219661864
5440,20160120,1.3987633124629748
5441,20160121,1.1361763956450504
5442,20160122,1.4177162508875139
5443,20160125,2.669950215301729
5444,20160126,1.3048892072753986
5445,20160127,1.2854937986381945
5446,20160128,1.7055893721912254
5447,20160129,1.7744426171286019
5448,20160201,1.3749623557417392
5449,20160202,1.3957170596450392
5450,20160203,2.4409228465466595
5451,20160204,1.3562409554626433
5452,20160205,2.0798961344902236
5453,20160215,1.4516631600491265
5454,20160216,0.9459978127602462
5455,20160217,1.0208604557390444
5456,20160218,1.362114382795087
5457,20160219,1.4799755336557436
5458,20160222,0.9937837974468975
5459,20160223,1.0080019830824298
5460,20160224,2.2729177225541775
5461,20160225,1.1186532400931277
5462,20160226,1.5756628736989151
5463,20160229,1.511508794411965
5464,20160301,1.0345276796901335
5465,20160302,1.0007963521979313
5466,20160303,0.9195464006767865
5467,20160304,1.1510565230467928
5468,20160307,1.3951319354280625
5469,20160308,1.0185513713152798
5470,20160309,1.0314328146163412
5471,20160310,1.484522184515227
5472,20160311,1.3108617371108982
5473,20160314,1.466166944656585
5474,20160315,1.046882582138357
5475,20160316,1.2574956741496763
5476,20160317,1.4546082993305347
5477,20160318,1.7927591191486902
5478,20160321,1.5948289673851122
5479,20160322,0.8498695885837533
5480,20160323,1.5743936700715029
5481,20160324,1.3881436666124936
5482,20160325,1.181125333484483
5483,20160328,1.1768791809876094
5484,20160329,1.291610751678318
5485,20160330,1.1301163488394863
5486,20160331,0.6315284836893831
5487,20160401,1.3622674958727259
5488,20160405,1.4331827592312159
5489,20160406,0.8394264249473674
5490,20160407,1.0755122299272515
5491,20160408,1.3266470673068407
5492,20160411,0.928180111436729
5493,20160412,0.9792282314413518
5494,20160413,0.9016944700019939
5495,20160414,1.2171962688217257
5496,20160415,0.9529283799239253
5497,20160822,0.0
5498,20160823,1.2004483792247704
5499,20160824,3.361919274170393
5500,20160825,6.2151892452473785
5501,20160826,2.485739502141316
5502,20160829,1.8345845217026018
5503,20160830,2.540371338345289
5504,20160831,1.6432896559319254
5505,20160901,1.7834417383500658
5506,20160902,0.9985331185704361
5507,20160905,0.9993110988613776
5508,20160906,1.9864187428309823
5509,20160907,1.206301352715224
5510,20160908,1.4069895994935664
5511,20160909,5.181736890210983
5512,20160912,1.6082350200516917
5513,20160913,2.421642236782208
5514,20160914,1.6266252859136119
5515,20160919,2.407842673766131
5516,20160920,2.9216085550552746
5517,20160921,1.5219513552842838
5518,20160922,4.129352088197027
5519,20160923,5.50377568429297
5520,20160926,2.258508700719654
5521,20160927,3.2338477957611906
5522,20160928,1.4518907311270073
5523,20160929,4.271418764682306
5524,20160930,1.4016234133701118
5525,20161010,2.0623332934420016
5526,20161011,4.62277082346998
5527,20161012,2.060054545363742
5528,20161013,2.2499023149512705
5529,20161014,2.2877498702130303
5530,20161017,1.4125520121808213
5531,20161018,1.0608639831872535
5532,20161019,2.6880341701962
5533,20161020,1.4718913829182414
5534,20161021,1.2499672121012575
5535,20161024,0.9073223497117723
5536,20161025,1.0332163689850216
5537,20161026,2.054897526936648
5538,20161027,1.195229597869616
5539,20161028,1.6284340404732407
5540,20161031,1.0007128176932794
5541,20161101,1.0594607289877913
5542,20161102,1.6297419688279884
5543,20161103,0.826824465710906
5544,20161104,1.3736894111046156
5545,20161107,1.3117895564138766
5546,20161108,0.7200149284638803
5547,20161109,1.4826435090884502
5548,20161110,1.2685150610734006
5549,20161111,1.0211721239044935
5550,20161114,1.7011913325437953
5551,20161115,1.6343626754000744
5552,20161116,0.8337587868747983
5553,20161117,1.3339835845110042
5554,20161118,1.6058253372526743
5555,20161121,0.5413394234247763
5556,20161122,0.9486541375000619
5557,20161123,0.8163388068452083
5558,20161124,0.7561920347949659
5559,20161125,0.722069346901216
5560,20161128,0.5034022494478956
5561,20161129,0.5942283377335595
5562,20161130,1.3606633762058784
5563,20161201,1.401160505757586
5564,20161202,0.8989493479714039
5565,20161205,0.6031116640850105
5566,20161206,0.6344409361028307
5567,20161207,1.3328876460905643
5568,20161208,1.2052609515967343
5569,20161209,1.7547450076385593
5570,20161212,0.8003704184623687
5571,20161213,1.2428268791456347
5572,20161214,0.683880184876995
5573,20161226,1.2356906921501942
5574,20161227,1.2098077415919302
5575,20161228,4.694274718195502
5576,20161229,1.0943144860378813
5577,20161230,1.1866971126933248
5578,20170103,0.5921427170480535
5579,20170104,0.8695688549518711
5580,20170105,2.740506318502325
5581,20170106,3.0425664516505515
5582,20170109,3.2039362433059084
5583,20170110,2.6342318218722567
5584,20170111,1.4420783869247096
5585,20170112,0.9635488271521018
5586,20170113,2.3416205867044635
5587,20170116,1.5370202172116274
5588,20170117,1.1638685255484973
5589,20170118,1.3044701971624
5590,20170119,1.3100890438250439
5591,20170120,1.6741392488294735
5592,20170123,0.8411540381640698
5593,20170124,1.1054443281180661
5594,20170125,0.9472105915453303
5595,20170126,0.8836549113551915
5596,20170203,0.9627877421350974
5597,20170206,0.8060392607975945
5598,20170207,1.0197181143798524
5599,20170208,0.7792921156528796
5600,20170209,0.5030975262251799
5601,20170210,1.4587163966992678
5602,20170213,0.6612667278846727
5603,20170214,1.3208042845812897
5604,20170215,0.747521811955841
5605,20170216,0.760559215541412
5606,20170217,1.1087503996073333
5607,20170220,0.580978228382559
5608,20170221,1.1595498045128154
5609,20170222,0.8814796721829044
5610,20170223,0.9030159266222835
5611,20170224,3.524159807240846
5612,20170227,1.0010178438452761
5613,20170228,0.6757401793928364
5614,20170301,2.4798220304411442
5615,20170302,2.5780311765869373
5616,20170303,1.0261372853944426
5617,20170306,1.618085752174266
5618,20170307,1.6865977839576738
5619,20170308,3.7762187330998995
5620,20170309,0.9178238937673378
5621,20170310,1.8868539642131135
5622,20170313,0.6707045882835677
5623,20170314,1.3714510328493705
5624,20170315,0.9973893986237325
5625,20170316,1.02655430940509
5626,20170317,0.8784541842175955
5627,20170320,1.0134614378468167
5628,20170321,0.8564857075701828
5629,20170322,1.7365474044129208
5630,20170323,0.9759672830662212
5631,20170324,0.9055634905362954
5632,20170327,0.5147021074951793
5633,20170328,1.1704618904462967
5634,20170329,1.8069440590122074
5635,20170330,1.1946479623380746
5636,20170331,0.8800702729414326
5637,20170405,2.884200957289174
5638,20170406,0.789792484017609
5639,20170407,0.8427326466032075
5640,20170410,0.8533635105436627
5641,20170411,1.3036042155492658
5642,20170412,1.220457910319368
5643,20170413,0.5062196294498319
5644,20170414,1.115939032279027
5645,20170417,1.0576500847513561
5646,20170418,0.6721998620784831
5647,20170419,1.0333473353654306
5648,20170420,0.7778356006852412
5649,20170421,0.7428381096767542
5650,20170424,1.6351235988137405
5651,20170425,0.6695223741332166
5652,20170426,0.8243799267207133
5653,20170427,1.7600345778902637
5654,20170428,0.6389630118903822
5655,20170502,0.937544407276271
5656,20170503,1.5470229205114
5657,20170504,0.6865860156549831
5658,20170505,1.4191142100213687
5659,20170508,1.1547948307293363
5660,20170509,0.8714277454294003
5661,20170510,1.743677819784898
5662,20170511,1.0565855717411212
5663,20170512,0.6973414345961275
5664,20170515,0.6089374643744763
5665,20170516,1.0758284770400843
5666,20170517,2.600644201183237
5667,20170518,1.3076730742260312
5668,20170519,0.8391792284282931
5669,20170522,0.9297435974446904
5670,20170523,0.8898068353281121
5671,20170524,1.9573195644966155
5672,20170525,1.021316280201371
5673,20170526,0.6785553918096848
5674,20170531,1.126844661312285
5675,20170601,1.2568560235362032
5676,20170602,1.0670308855378408
5677,20170605,0.6355312808961942
5678,20170606,1.3940686195941925
5679,20170607,1.218879740629784
5680,20170608,0.7257985467221661
5681,20170609,0.491076014955113
5682,20170612,0.9852010236411692
5683,20170613,1.2503224955380536
5684,20170614,0.3792606613400687
5685,20170615,3.079834725571371
5686,20170616,4.361933039474788
5687,20170619,3.9879707213765583
5688,20170620,1.467145909616281
5689,20170621,1.156405990657759
5690,20170622,0.8630630914385587
5691,20170623,1.345366231866743
5692,20170626,0.6656880120455189
5693,20170627,0.6900746044238923
5694,20170628,1.1931721248558793
5695,20170629,2.402738121985898
5696,20170630,1.8966391040198385
5697,20170703,0.89639718394319
5698,20170704,1.001847321728083
5699,20170705,0.9102076457404886
5700,20170706,1.3768240098662057
5701,20170707,0.648309382692835
5702,20170710,1.1101441479173608
5703,20170711,1.117079309760581
5704,20170712,1.1033621548585568
5705,20170713,0.8804958268919337
5706,20170714,0.7411785038069335
5707,20170717,1.3320861737466914
5708,20170718,0.6232972192017296
5709,20170719,0.8582791345602556
5710,20170720,1.0644011144875878
5711,20170721,0.7673709137376842
5712,20170724,1.0007758658685586
5713,20170725,3.2458371337459306
5714,20170726,0.995063408986484
5715,20170727,0.9976149382057226
5716,20170728,1.0549501435419593
5717,20170731,1.0551393337968284
5718,20170801,0.9396961923293001
5719,20170802,1.610105506613807
5720,20170803,0.8927511993552449
5721,20170804,0.9783488788146456
5722,20170807,0.8162917406129999
5723,20170808,0.6938391962794941
5724,20170809,1.8146484782702168
5725,20170810,2.407360725249243
5726,20170811,1.2439620752307912
5727,20170814,1.2944834454410568
5728,20170815,0.9118053693585866
5729,20170816,4.189619087887425
5730,20170817,3.45643373527019
5731,20170818,4.729357684401514
5732,20170821,2.3051955241429893
5733,20170822,2.6845033012612656
5734,20170823,1.881758706829317
5735,20170824,1.5188579825599198
5736,20170825,1.0613551058478188
5737,20170828,1.381091502905201
5738,20170829,0.8038702962058761
5739,20170830,0.6058203994652688
5740,20170831,0.6696951605501278
5741,20170901,1.03544603342433
5742,20170904,1.9312284203496919
5743,20170905,0.9715025195723609
5744,20170906,1.3636264245797152
5745,20170907,1.3640433056423984
5746,20170908,0.5910943842513865
5747,20170911,0.6728101879340843
5748,20170912,0.5642559967033479
5749,20170913,1.419816069105715
5750,20170914,0.8660083174579059
5751,20170915,1.0247139933521003
5752,20170918,0.44642942721541595
5753,20170919,0.6976782551701167
5754,20170920,0.6841042869419232
5755,20170921,1.696063434140737
5756,20170922,0.6765536684292955
5757,20170925,2.425648598931832
5758,20170926,0.928322109336751
5759,20170927,0.917545657494362
5760,20170928,1.1765188288987147
5761,20170929,1.6165663901088194
5762,20171009,0.6737454155486264
5763,20171010,0.7685722120496786
5764,20171011,1.2058569724169368
5765,20171012,0.9238942986345073
5766,20171013,1.0782143317281832
5767,20171016,1.2736486354661383
5768,20171017,0.9592302349626178
5769,20171018,1.3008133108253461
5770,20171019,1.2474599837677711
5771,20171020,1.0440141799642726
5772,20171023,1.0591750906689572
5773,20171024,0.7428542575585233
5774,20171025,0.8329609693564098
5775,20171026,0.4685048342576272
5776,20171027,1.0005290259576272
5777,20171030,1.4461554436091568
5778,20171031,0.6382844458918393
5779,20171101,0.9224352175318489
5780,20171102,0.75739880156804
5781,20171103,1.39914341214007
5782,20171106,0.7832190396937652
5783,20171107,1.0231298956664936
5784,20171108,0.5207605900653732
5785,20171109,0.725198608608523
5786,20171110,0.5172008796428029
5787,20171113,0.9752755715216729
5788,20171114,1.0902289313601286
5789,20171115,0.9442958989980168
5790,20171116,0.8254351891633241
5791,20171117,1.3098329397398423
5792,20171120,1.0617111756536053
5793,20171121,0.4370238398915437
5794,20171122,1.0017763287112678
5795,20171123,1.0704133361315993
5796,20171124,1.1341212872299393
5797,20171127,1.0375883394456866
5798,20171128,0.8303760677283233
5799,20171129,0.7889809021779871
5800,20171130,0.7924879429984747
5801,20171201,0.9734555119484832
5802,20171204,0.6709583625046761
5803,20171205,1.4161525746776864
5804,20171206,1.0882233663295011
5805,20171207,1.0639423746760452
5806,20171208,0.7037776272112677
5807,20171211,0.9689503907475169
5808,20171212,0.7320410798897112
5809,20171213,1.772270940916495
5810,20171214,0.9474563034724938
5811,20171215,0.7444055389015739
5812,20171218,1.3263197599313263
5813,20171219,0.5302693042201969
5814,20171220,0.730879298623122
5815,20171221,0.5151546475478319
5816,20171222,1.1129270926333994
5817,20171225,0.8015390356205464
5818,20171226,2.201117179594991
5819,20171227,0.549662799192695
5820,20171228,0.652741388877572
5821,20171229,1.0312747054051417
5822,20180102,0.5815441182068846
5823,20180103,1.247127916510217
5824,20180104,0.5815883634220627
5825,20180105,0.5787923794746472
5826,20180108,0.5720234034503524
5827,20180109,0.7441380681052642
5828,20180110,0.5399637072771937
5829,20180111,3.639254274676602
5830,20180112,0.9130022280063741
5831,20180115,1.151799136149195
5832,20180116,0.6772520352971294
5833,20180117,0.4850196855136573
5834,20180118,0.8007679851749399
5835,20180119,0.37183233344997635
5836,20180122,0.7656443266724196
5837,20180123,0.25217313878103287
5838,20180124,0.6768076663586329
5839,20180125,1.0419126189548606
5840,20180126,0.6153432711280804
5841,20180129,0.6205899508614705
5842,20180130,1.7074577672461573
5843,20180131,0.975836612356189
5844,20180201,2.048604388450563
5845,20180202,2.0512163714264524
5846,20180205,1.1700054701488898
5847,20180206,1.5152245341232038
5848,20180207,2.036750249939554
5849,20180208,0.689202143199844
5850,20180209,0.9395728987304689
5851,20180212,0.8607195625229912
5852,20180213,2.840692066939484
5853,20180214,0.9895519613962951
5854,20180222,0.6531882715265946
5855,20180223,0.7692194469111245
5856,20180226,0.5922139409271555
5857,20180227,0.776505056344122
5858,20180228,1.1018242748800375
5859,20180301,0.9933228890704454
5860,20180302,0.7658561380649656
5861,20180305,0.6729515371356072
5862,20180306,2.271871959033553
5863,20180307,0.8467480287843783
5864,20180308,0.9674472585158334
5865,20180309,1.3022553432506616
5866,20180312,1.1920130830322557
5867,20180313,0.8443412646612003
5868,20180314,1.049074502512016
5869,20180315,1.1541378222904979
5870,20180316,0.8430160264512031
5871,20180319,0.9251106497259415
5872,20180320,1.7057783897587864
5873,20180321,1.7668306675854328
5874,20180322,1.1331251676186662
5875,20180323,1.0456716604270544
5876,20180326,0.9285730152664281
5877,20180327,2.349001736118546
5878,20180328,0.6771432509699445
5879,20180329,1.3431566652425346
5880,20180330,0.790111213019988
5881,20180402,1.4402836938582115
5882,20180403,1.0493654171639204
5883,20180404,1.0593074995857374
5884,20180409,0.9147139041961496
5885,20180410,0.9515092449208681
5886,20180411,0.6615836729781636
5887,20180412,0.8574774278027292
5888,20180413,0.9599460704511685
5889,20180416,1.2873220471973468
5890,20180417,1.380859985224276
5891,20180418,0.7143082733181737
5892,20180419,1.3897865312927413
5893,20180420,0.9375640757442549
5894,20180423,3.078082949380306
5895,20180424,0.9053208361806748
5896,20180425,1.1698764242650719
5897,20180426,1.285396457267418
5898,20180427,0.7648675879556432
5899,20180502,2.928163450150486
5900,20180503,1.316183416384496
5901,20180504,1.358159592769644
5902,20180507,1.0058331877196427
5903,20180508,0.6487751867203937
5904,20180509,0.7825896096121447
5905,20180510,0.4434167167528772
5906,20180511,0.6242948934737477
5907,20180514,0.4991144962867173
5908,20180515,0.8815686855881534
5909,20180516,1.4371030839583971
5910,20180517,0.544809384541527
5911,20180518,0.793803059396968
5912,20180521,0.6633125591446967
5913,20180522,0.6387788708298426
5914,20180523,0.6303536645368405
5915,20180524,0.6287981128580895
5916,20180525,1.191635119112126
5917,20180528,1.131403858842471
5918,20180529,0.660786061126793
5919,20180530,2.377927232639195
5920,20180531,1.703578451336707
5921,20180601,1.091937279169299
5922,20180604,1.0515666715475394
5923,20180605,1.961457543207781
5924,20180606,2.1576940968119964
5925,20180607,1.524786724623087
5926,20180608,1.3686217860583132
5927,20180611,1.1373724982117568
5928,20180612,1.5828795463636594
5929,20180613,1.130266800675712
5930,20180614,0.8548488282608812
5931,20180615,1.70706620035516
5932,20180619,1.6327667824381764
5933,20180620,1.2512229567194229
5934,20180621,2.420030359566713
5935,20180622,1.6646638612261144
5936,20180625,1.6350109142789602
5937,20180626,1.491218464161205
5938,20180627,1.22708000634878
5939,20180628,1.1717488851492246
5940,20180629,1.2070337243597606
5941,20180702,0.6157078667900805
5942,20180703,0.7677623651485179
5943,20180704,1.6811879998022392
5944,20180705,1.215158100839254
5945,20180706,1.003285330400401
5946,20180709,0.6804123476920527
5947,20180710,0.8116297965212542
5948,20180711,1.9603069008758753
5949,20180712,1.2893415963528825
5950,20180713,0.9847990029118998
5951,20180716,0.956830306876088
5952,20180717,0.8733683477712719
5953,20180718,1.3523711735214154
5954,20180719,2.3258248067872636
5955,20180720,0.6434020766158883
5956,20180723,0.7997644101990355
5957,20180724,1.1005038088281212
5958,20180725,0.7877897644095466
5959,20180726,0.9877275034133958
5960,20180727,2.6517899804991423
5961,20180730,1.107039129969607
5962,20180731,1.1225159101012772
5963,20180801,2.1882900468874333
5964,20180802,1.2432121216282535
5965,20180803,0.6780244614735669
5966,20180806,0.6562014231891155
5967,20180807,0.7844196207843129
5968,20180808,0.6357415854367571
5969,20180809,0.795140988876552
5970,20180810,0.7732501578420644
5971,20180813,0.8829252372551857
5972,20180814,0.976621298541894
5973,20180815,1.046222150645138
5974,20180816,3.2963401900454925
5975,20180817,0.9967441332658541
5976,20180820,1.9327118841868263
5977,20180821,1.3545191408941688
5978,20180822,1.6971345310124317
5979,20180823,1.0092594616775477
5980,20180824,1.0850090791220497
5981,20180827,1.4188884180321653
5982,20180828,0.8279684282109332
5983,20180829,0.705605619898229
5984,20180830,1.4290443051011088
5985,20180831,0.8392930178704943
5986,20180903,0.9694854972988938
5987,20180904,0.7260166619961019
5988,20180905,0.0
5989,20180906,4.487069953178735
5990,20180907,4.71951400619696
5991,20180910,2.250897719887321
5992,20180911,1.9861675601665976
5993,20180912,1.739552400734227
5994,20180913,1.7262484274774403
5995,20180914,1.6356226863979284
5996,20180917,1.5290762624766223
5997,20180918,1.0490888770396887
5998,20180919,2.9875244335023403
5999,20180920,1.5498994840696854
6000,20180921,1.1477045888914974
6001,20180925,1.2082870635830945
6002,20180926,1.101370928910536
6003,20180927,1.6898711326973361
6004,20180928,0.6570675497967399
6005,20181008,0.9329188960317476
6006,20181009,0.7658105055854566
6007,20181010,1.4187800821738243
6008,20181011,1.414380352740887
6009,20181012,1.3734195359011068
6010,20181015,1.360998392008165
6011,20181016,1.18557773216165
6012,20181017,0.8509985519771466
6013,20181018,2.1166273276318677
6014,20181019,1.6614715998123215
6015,20181022,1.0417649995611502
6016,20181023,0.8824984555707152
6017,20181024,0.7871704081305003
6018,20181025,1.0022036937995418
6019,20181026,1.4456935025385536
6020,20181029,0.9802769110246713
6021,20181030,1.0936862138171641
6022,20181031,0.8403709467881848
6023,20181101,0.8159404002705342
6024,20181102,1.457511100770106
6025,20181105,0.9351244951640117
6026,20181106,0.9211464418805888
6027,20181107,1.0419299569677865
6028,20181108,0.9947502905037524
6029,20181109,1.1934813229477945
6030,20181112,1.254685019880499
6031,20181113,1.2984383859697677
6032,20181114,1.1500911992161864
6033,20181115,3.1465159184409566
6034,20181116,1.4897929078510759
6035,20181119,1.2532462426149906
6036,20181120,1.5474091196189326
6037,20181121,2.0662777387430555
6038,20181122,1.5656560692608528
6039,20181123,1.7402614295044518
6040,20181126,1.0879910566975926
6041,20181127,1.2095670564209562
6042,20181128,3.448270473949446
6043,20181129,2.864136193847635
6044,20181130,1.4096807443591726
6045,20181203,2.2311703398912814
6046,20181204,1.762360561155231
6047,20181205,0.8411395987609094
6048,20181206,1.1536129045731278
6049,20181207,2.346539581830465
6050,20181210,2.934246202280263
6051,20181211,4.20251731342698
6052,20181212,1.7379203430945902
6053,20181213,0.9830269252436483
6054,20181214,2.01656075120789
6055,20181217,1.1741712000844622
6056,20181218,1.9661661529857937
6057,20181219,1.63247360823821
6058,20181220,0.8896335293486377
6059,20181221,0.8249876010828082
6060,20181224,1.802610851013805
6061,20181225,1.5854286131082511
6062,20181226,4.7279022752574225
6063,20181227,1.9190439794293725
6064,20181228,1.3507132175659504
6065,20190102,2.520093556294879
6066,20190103,1.174620685953042
6067,20190104,2.2272533343754293
6068,20190107,1.4406117725637237
6069,20190108,1.2654891806707045
6070,20190109,2.0690392060800358
6071,20190110,1.0695652452072326
6072,20190111,1.7525681878875443
6073,20190114,2.8571913010181147
6074,20190115,1.286101140569484
6075,20190116,1.0387389914735108
6076,20190117,2.085882372637773
6077,20190118,0.9867984134626532
6078,20190121,0.9464753300171025
6079,20190122,1.5579898757895005
6080,20190123,0.956913505053475
6081,20190124,1.625812964914811
6082,20190125,1.8019756611128275
6083,20190128,0.9218645090130122
6084,20190129,1.4248996144037767
6085,20190130,1.1037055248521508
6086,20190131,1.177043069260816
6087,20190201,0.9893128024951235
6088,20190211,0.9448996166260647
6089,20190212,0.9099523568555601
6090,20190213,1.6016460051736385
6091,20190214,0.7986180460984678
6092,20190215,0.728741665175059
6093,20190218,0.8853551899221813
6094,20190219,0.7713178662466259
6095,20190220,1.8136051070182886
6096,20190221,1.5325629502074614
6097,20190222,1.2082398090236754
6098,20190225,1.1592310074138032
6099,20190226,1.122374582565242
6100,20190227,2.330520566744634
6101,20190228,1.64520790603354
6102,20190301,1.0061026661029953
6103,20190304,0.9226458860654585
6104,20190305,1.8344583487207138
6105,20190306,0.9867139517359043
6106,20190307,1.346458692157915
6107,20190308,2.5156015053110354
6108,20190311,1.7177743742876712
6109,20190312,3.0237369034579613
6110,20190313,2.0586390564754997
6111,20190314,2.4876957933720933
6112,20190315,1.2662609098673376
6113,20190318,0.890481418593004
6114,20190319,2.0517000702584984
6115,20190320,2.439400319482331
6116,20190321,2.4440491009798353
6117,20190322,2.787741145726016
6118,20190325,2.915428387144803
6119,20190326,2.3463807145348494
6120,20190327,1.1817977906861472
6121,20190328,2.247660470428654
6122,20190329,1.2840970749071037
6123,20190401,1.6226515545338882
6124,20190402,2.867785190338606
6125,20190403,2.6129149974335335
6126,20190404,3.17844545527179
6127,20190408,2.5030886839344326
6128,20190409,1.5408408159320206
6129,20190410,1.7896938291427826
6130,20190411,1.1412044600870237
6131,20190412,2.518991070040982
6132,20190415,2.234784091564442
6133,20190416,1.527790460675994
6134,20190417,2.221908386448425
6135,20190418,2.6781907311768327
6136,20190419,3.035018106931599
6137,20190422,1.2987304949761644
6138,20190423,1.317391406777388
6139,20190424,2.2834874620174723
6140,20190425,1.762635187463859
6141,20190426,1.4519294731052674
6142,20190429,1.7719727159226306
6143,20190430,2.8708173015752756
6144,20190506,1.449113333326691
6145,20190507,2.5387196628195183
6146,20190508,1.368552495561999
6147,20190509,1.6109787817736687
6148,20190510,1.7598802140674836
6149,20190513,1.482263053980312
6150,20190514,1.338602494421533
6151,20190515,0.8295124314704118
6152,20190516,1.569371437088199
6153,20190517,1.8231814324908402
6154,20190520,2.562424652341863
6155,20190521,0.8147172183757397
6156,20190522,1.8570457223089276
6157,20190523,2.623111327287772
6158,20190524,1.8106098388420315
6159,20190527,2.3967829572017854
6160,20190528,4.08739865809899
6161,20190529,2.142756906414337
6162,20190530,1.4895138385964717
6163,20190531,2.2049192415765875
6164,20190603,1.8842854583957303
6165,20190604,2.384638585882943
6166,20190605,2.4336059171478537
6167,20190606,3.240537503132316
6168,20190610,1.226375470070413
6169,20190611,0.9388038291619771
6170,20190612,1.9688721268597364
6171,20190613,1.5530687747215182
6172,20190614,2.240247932944547
6173,20190617,1.366359155205892
6174,20190618,1.560599633085138
6175,20190619,0.8851383834114086
6176,20190620,1.113951153092128
6177,20190621,1.9309031036865592
6178,20190624,1.122867547033291
6179,20190625,1.7175329414159664
6180,20190626,2.139613094523092
6181,20190627,2.335800823290478
6182,20190628,1.4775295690861132
6183,20190701,0.9324384032178058
6184,20190702,1.8301216504113622
6185,20190703,1.239973697664217
6186,20190704,1.4063627843219535
6187,20190705,0.9493741675755881
6188,20190708,1.8681242267606404
6189,20190709,0.8345210105549987
6190,20190710,1.8374599584767541
6191,20190711,1.634217667880845
6192,20190712,1.0352980740766637
6193,20190715,1.3217306407969682
6194,20190716,0.8437981147515968
6195,20190717,1.201107560028404
6196,20190718,1.201018007625227
6197,20190719,1.5994946933997194
6198,20190722,2.3088312470264234
6199,20190723,1.7052575039533584
6200,20190724,1.3432285530012047
6201,20190725,0.9970229779241642
6202,20190726,0.9596276190573406
6203,20190729,1.382549600944469
6204,20190730,2.421087990296202
6205,20190731,4.586560617366149
6206,20190801,1.777934030996483
6207,20190802,1.8563355441293827
6208,20190805,1.4475755592467563
6209,20190806,2.115943360200287
6210,20190807,3.482047484290486
6211,20190808,1.8739188597248746
6212,20190809,1.7283934586660237
6213,20190812,1.1160380959881668
6214,20190813,1.341225435005873
6215,20190814,1.4874341203359769
6216,20190815,4.097796498961958
6217,20190816,1.908818600141651
6218,20190819,1.4665856781148965
6219,20190820,3.8298474967233886
6220,20190821,2.9490771834034812
6221,20190822,3.0500687675228306
6222,20190823,1.1813632243795458
6223,20190826,0.7279085892770114
6224,20190827,0.8691238137050215
6225,20190828,0.6082911003167045
6226,20190829,0.8545610461000503
6227,20190830,1.3149723638147859
6228,20190902,1.2535245210961357
6229,20190903,1.9332414988181297
6230,20190904,1.1881661214681165
6231,20190905,1.3749131301824349
6232,20190906,2.4596537929982856
6233,20190909,2.4629083826114244
6234,20190910,3.4102653672529595
6235,20190911,4.9624787274415985
6236,20190912,4.943396177275609
6237,20190916,1.5189383801692915
6238,20190917,2.1675219531862804
6239,20190918,2.158371650850163
6240,20190919,1.4680484172582395
6241,20190920,1.2518830852692804
6242,20190923,1.7239597876168695
6243,20190924,2.380024466180271
6244,20190925,2.187750343699594
6245,20190926,2.197830300665763
6246,20190927,2.4520861565231664
6247,20190930,2.0225125836151006
6248,20191008,1.8726504832772735
6249,20191009,1.488400160776447
6250,20191010,1.620575571901706
6251,20191011,1.3302462578519447
6252,20191014,2.0414189055647043
6253,20191015,2.755218879994655
6254,20191016,1.4568066891371259
6255,20191017,1.3503694608227168
6256,20191018,1.126891622000007
6257,20191021,2.056981460154233
6258,20191022,4.637542389449656
6259,20191023,1.6199946347673864
6260,20191024,1.7378365055097706
6261,20191025,1.2802369473809918
6262,20191028,1.6410482223537715
6263,20191029,2.0246373695474142
6264,20191030,1.8018125218894572
6265,20191031,1.6868535801495173
6266,20191101,1.089963776038736
6267,20191104,2.025156032986545
6268,20191105,1.594779299110558
6269,20191106,2.5117576548128717
6270,20191107,1.459992828659938
6271,20191108,1.622034882682359
6272,20191111,1.6334442516520393
6273,20191112,1.7771422471201272
6274,20191113,1.8476749463370694
6275,20191114,0.9816557151332106
6276,20191115,4.115699404816872
6277,20191118,1.890465924941249
6278,20191119,4.394650362348614
6279,20191120,4.555150398021286
6280,20191121,2.2333317429014152
6281,20191122,1.6998373364349713
6282,20191125,2.611272743611523
6283,20191126,1.8809138095957596
6284,20191127,2.1562450451108255
6285,20191128,4.403626691577172
6286,20191129,3.018079824819826
6287,20191202,4.130049737768594
6288,20191203,1.8401153325202093
6289,20191204,3.5753600487776755
6290,20191205,1.4123064810933654
6291,20191206,5.411560321781376
6292,20191209,3.643732413334801
6293,20191210,2.7029979856921704
6294,20191211,3.407853047489395
6295,20191212,2.44451431696555
6296,20191213,2.3807165436642768
6297,20191216,4.230589128653752
6298,20191217,1.3826419741420362
6299,20191218,5.090000177424785
6300,20191219,5.00103197967961
6301,20191220,3.0363391112935356
6302,20191223,3.4424296179205656
6303,20191224,3.193733009431214
6304,20191225,5.118312275543684
6305,20191226,4.851527755183323
6306,20191227,3.465641072962534
6307,20191230,2.943574248308618
6308,20191231,1.4172099629503627
6309,20200102,2.470490747395856
6310,20200103,3.0308311206945735
6311,20200106,2.8040053809864585
6312,20200107,3.287989751588625
6313,20200108,2.1835505373220436
6314,20200109,2.7155124655659555
6315,20200110,3.215932788734952
6316,20200113,1.9331774326201245
6317,20200114,1.8445230597505877
6318,20200115,1.4650882247363943
6319,20200116,2.1362195790989005
6320,20200117,1.441573027493657
6321,20200120,2.5807857853097564
6322,20200121,1.12807008062077
6323,20200122,0.9773352799241664
6324,20200123,3.5772793215435774
6325,20200203,0.0
6326,20200204,1.4179059110443435
6327,20200205,2.1303801657918866
6328,20200206,2.8464559448695406
6329,20200207,2.207920140374904
6330,20200210,2.5943071407781373
6331,20200211,1.813407521493962
6332,20200212,1.3535750783868372
6333,20200213,1.5971907994629568
6334,20200214,1.5186839157398082
6335,20200217,1.2749131043516477
6336,20200218,2.001081924551268
6337,20200219,1.752201620879046
6338,20200220,0.9216722000734348
6339,20200221,3.2122547224894
6340,20200224,1.7452988149171036
6341,20200225,2.8499439053843547
6342,20200226,1.927737599726945
6343,20200227,2.0074723648882347
6344,20200228,1.4508506018821516
6345,20200302,2.0137814123895983
6346,20200303,1.6359922252924495
6347,20200304,2.0155819627221305
6348,20200305,0.8006571599223943
6349,20200306,1.2986430045586397
6350,20200309,2.033532249834268
6351,20200310,1.2401949203162819
6352,20200311,1.9553103915165206
6353,20200312,1.2787105664799685
6354,20200313,1.5257567454763525
6355,20200316,1.8520428280837224
6356,20200317,1.8465968620314308
6357,20200318,1.4994661404817287
6358,20200319,0.8792733727900777
6359,20200320,1.3455998733751802
6360,20200323,1.729351917094948
6361,20200324,1.3953675256017375
6362,20200325,2.7793469122684797
6363,20200326,1.7469615148077757
6364,20200327,1.5145288017588643
6365,20200330,1.3062792622489543
6366,20200331,1.2226920697464776
6367,20200401,1.2945084649831857
6368,20200402,2.3888197858853797
6369,20200403,1.8799562490013633
6370,20200407,2.8863508489697622
6371,20200408,2.906020706212575
6372,20200409,3.3138919558522884
6373,20200410,4.439284704568325
6374,20200413,2.209624934057902
6375,20200414,1.4251792195475834
6376,20200415,1.4929684138475303
6377,20200416,1.3445116501117058
6378,20200417,2.197371800975422
6379,20200420,1.2723812738589535
6380,20200421,1.3221534971998874
6381,20200422,1.2835167949274273
6382,20200423,1.7700843926944212
6383,20200424,1.6004037186568525
6384,20200427,1.012231046691984
6385,20200428,1.4415155517198028
6386,20200429,0.9459223714489418
6387,20200430,4.717941703801848
6388,20200506,2.076540791686538
6389,20200507,1.7609005991842832
6390,20200508,0.9051033416484557
6391,20200511,2.2580526765026594
6392,20200512,1.5375693193624262
6393,20200513,1.1740161784596383
6394,20200514,1.4621002695686671
6395,20200515,0.9676357264822602
6396,20200518,2.1447099954939772
6397,20200519,1.1188640056586474
6398,20200520,1.2962952904315383
6399,20200521,1.1951688761625365
6400,20200522,1.4528529865161892
6401,20200525,0.9706881000251361
6402,20200526,1.4333399764554375
6403,20200527,1.6579830978833194
6404,20200528,1.3430551833376243
6405,20200529,0.8369973034518494
6406,20200601,1.5648501235417587
6407,20200602,0.6689893392955727
6408,20200603,1.8213848585679757
6409,20200604,0.7025095658637942
6410,20200605,4.299258121122146
6411,20200608,2.456963307973991
6412,20200609,1.896227700663609
6413,20200610,1.225192332271965
6414,20200611,1.344345367329188
6415,20200612,1.6918951426577782
6416,20200615,3.339557988074041
6417,20200616,1.9656246440522949
6418,20200617,2.414222715693563
6419,20200618,2.3062229752937777
6420,20200619,3.68442161249424
6421,20200622,2.7008726530368476
6422,20200623,2.8066368367517387
6423,20200624,1.991131951513605
6424,20200629,3.2132548295628864
6425,20200630,1.15465913938216
6426,20200701,1.626062709656784
6427,20200702,1.0429655642808962
6428,20200703,0.7493872775285104
6429,20200706,0.861723752339529
6430,20200707,1.2530699055610648
6431,20200708,1.2193746827907557
6432,20200709,1.0288780297996871
6433,20200710,1.020700425420661
6434,20200713,0.9475525328827445
6435,20200714,1.3829582233462296
6436,20200715,1.785618491257646
6437,20200716,1.2820901947397425
6438,20200717,0.8658451986414927
6439,20200720,1.150152025393791
6440,20200721,1.0122219396624281
6441,20200722,0.9035550411318174
6442,20200723,1.247346625970445
6443,20200724,0.8725753383735975
6444,20200727,1.3196261231084259
6445,20200728,0.889705960444626
6446,20200729,1.3191308426813684
6447,20200730,1.0260895075129661
6448,20200731,0.74007148059404
6449,20200803,0.9629398997662635
6450,20200804,0.8747052469838064
6451,20200805,0.9541338594157125
6452,20200806,0.8689759247132599
6453,20200807,1.8094271979469423
6454,20200810,0.5196133389982013
6455,20200811,0.7517012092004316
6456,20200812,0.9152732555647543
6457,20200813,0.6815708280657256
6458,20200814,0.6553132873707328
6459,20200817,0.40374743969371135
6460,20200818,3.2484485985469607
6461,20200819,1.3715671214276395
6462,20200820,1.0726428108827846
6463,20200821,1.1213071121619598
6464,20200824,0.965279157289215
6465,20200825,0.8047596840759361
6466,20200826,2.064096729850503
6467,20200827,0.9808215342193017
6468,20200828,0.8912060882437624
6469,20200831,1.4790467565555379
6470,20200901,0.7051487174855017
6471,20200902,0.8738990506345692
6472,20200903,0.6380249644807529
6473,20200904,0.6859110023713862
6474,20200907,1.006956090604977
6475,20200908,1.033454188129666
6476,20200909,0.9146801060447146
6477,20200910,1.1832109669583715
6478,20200911,0.7145008186133894
6479,20200914,0.7516537982528553
6480,20200915,2.504770041690623
6481,20200916,1.3908868270620203
6482,20200917,0.6382420724598226
6483,20200918,0.5444638313349233
6484,20200921,1.0416885635881512
6485,20200922,0.9659858343080164
6486,20200923,1.5549562232565304
6487,20200924,0.9255656741766315
6488,20200925,1.017228356507587
6489,20200928,1.5211583530783142
6490,20200929,0.9492381357268611
6491,20200930,1.076649254124742
6492,20201009,0.991440092225632
6493,20201012,0.9486674367738721
6494,20201013,1.0575880365769303
6495,20201014,0.6964548036701033
6496,20201015,0.42370143615762046
6497,20201016,0.7283660274971275
6498,20201019,0.6521750331290879
6499,20201020,0.5073511708627588
6500,20201021,1.0847763814781282
6501,20201022,1.7493928358671509
6502,20201023,0.6473748129059839
6503,20201026,0.6761924689943604
6504,20201027,0.7086750602032525
6505,20201028,0.9064563417002106
6506,20201029,0.9540120083348281
6507,20201030,1.4119008867278207
6508,20201102,1.8369371874799763
6509,20201103,1.4598827265496317
6510,20201104,0.9591228092888812
6511,20201105,1.2400937939386312
6512,20201106,0.8656797634054919
6513,20201109,2.350991785345676
6514,20201110,1.190055404405047
6515,20201111,0.9469111023782283
6516,20201112,1.0040063071113992
6517,20201113,1.007444917424041
6518,20201116,0.7386257310354605
6519,20201117,1.0435103092826528
6520,20201118,0.8458536762770879
6521,20201119,0.986483044633993
6522,20201120,1.9987942567966466
6523,20201123,0.9974246935798424
6524,20201124,1.2883950052322142
6525,20201125,0.7425823337518402
6526,20201126,0.6881636603440017
6527,20201127,0.6498976265519348
6528,20201130,0.6662128458899965
6529,20201201,1.3684235063720427
6530,20201202,1.6049542869813294
6531,20201203,0.9539067540525423
6532,20201204,1.1194281851975132
6533,20201207,1.5225059780069699
6534,20201208,0.714744733716519
6535,20201209,1.1995444803084647
6536,20201210,1.43530713693288
6537,20201211,2.391835518686394
6538,20201214,0.7728243696331237
6539,20201215,0.4943303762493434
6540,20201216,0.8533971444567128
6541,20201217,0.9274954736407733
6542,20201218,1.0734894232183987
6543,20201221,1.0683030672417972
6544,20201222,0.9101189063846941
6545,20201223,0.7906478734721438
6546,20201224,1.3344711675386525
6547,20201225,1.8450081046755067
6548,20201228,0.8425678958173326
6549,20201229,1.6267493341273243
6550,20201230,0.8802521790648151
6551,20201231,0.6426599337767124
6552,20210104,1.5692855498135003
6553,20210105,1.6048707768487076
6554,20210106,0.8734214917835421
6555,20210107,0.54955987511566
6556,20210108,0.7089974270300516
6557,20210111,0.7790351045411084
6558,20210112,1.0094319420315554
6559,20210113,1.2616045828180602
6560,20210114,1.6808408675396969
6561,20210115,0.5519168937349986
6562,20210118,1.0852241348194138
6563,20210119,1.0964692651965533
6564,20210120,0.5989171147693584
6565,20210121,0.7149602883109342
6566,20210122,1.3588116385514353
6567,20210125,0.9521842690915165
6568,20210126,1.088779115145469
6569,20210127,1.0574893854323126
6570,20210128,1.0338541407561797
6571,20210129,1.0897922889693463
6572,20210201,0.6512912333632214
6573,20210202,0.6576981827754728
6574,20210203,0.8265360543609563
6575,20210204,1.0819137985062688
6576,20210205,1.0743012349239067
6577,20210208,0.6930764687964074
6578,20210209,0.7168105730876064
6579,20210210,0.8923351813261761
6580,20210218,0.8905039989823921
6581,20210219,1.5976692465440945
6582,20210222,1.6602448298367367
6583,20210223,1.1340430945547302
6584,20210224,0.4829736820194969
6585,20210225,0.8428723287283942
6586,20210226,0.6385594627235021
6587,20210301,1.2367924527881673
6588,20210302,0.843905495105964
6589,20210303,0.599903728896085
6590,20210304,0.6436554490476263
6591,20210305,0.7546768928432878
6592,20210308,1.2171776703392414
6593,20210309,0.7680133761044771
6594,20210310,0.0
6595,20210311,2.013709239312698
6596,20210312,1.4023011055301229
6597,20210315,0.6711555828549448
6598,20210316,0.9034443003842787
6599,20210317,0.5448731073579757
6600,20210318,1.1752847651126053
6601,20210319,0.7525807111934643
6602,20210322,0.9633756202770933
6603,20210323,0.46815725749200404
6604,20210324,0.5135020251491675
6605,20210325,0.663927618512259
6606,20210326,0.8267904050815305
6607,20210329,0.6114298581276534
6608,20210330,0.6474299769779285
6609,20210331,3.0288151827445526
6610,20210401,1.025228316434411
6611,20210402,0.9628467191966203
6612,20210406,3.7109661984751496
6613,20210407,1.3721052497374788
6614,20210408,1.0912685858001767
6615,20210409,2.3223210941927763
6616,20210412,1.1711450407277513
6617,20210413,0.9116302003907311
6618,20210414,2.1749887362750595
6619,20210415,0.8437856686155908
6620,20210416,1.4246560833685933
6621,20210419,1.437426451606369
6622,20210420,1.7538443080645978
6623,20210421,1.7752592496021575
6624,20210422,2.9975133530380886
6625,20210423,1.3757322171764932
6626,20210426,1.3117275280560967
6627,20210427,1.4197416984079454
6628,20210428,0.931337397600566
6629,20210429,0.8117174149699334
6630,20210430,1.7547443399717313
6631,20210506,1.239792011819441
6632,20210507,0.6110885756979447
6633,20210510,1.2065022933251055
6634,20210511,0.8661305398556866
6635,20210512,1.4452724064092028
6636,20210513,1.0069492893453464
6637,20210514,0.762078328439721
6638,20210517,1.5288815667023803
6639,20210518,1.9050647951433506
6640,20210519,3.909795765695887
6641,20210520,1.216844494739249
6642,20210521,0.9993746428996528
6643,20210524,1.0268834236368705
6644,20210525,0.7337104654471122
6645,20210526,1.4621725857223749
6646,20210527,1.8336067089882189
6647,20210528,0.7830088427656016
6648,20210531,0.6770501116359611
6649,20210601,1.4218429400320567
6650,20210602,1.3663299894947143
6651,20210603,1.5921944908132653
6652,20210604,2.3072347137849807
6653,20210607,1.3215649368985458
6654,20210608,0.9372727422740983
6655,20210609,1.1191596614159534
6656,20210610,1.6466676946428929
6657,20210611,2.86741162688836
6658,20210615,1.874586599738895
6659,20210616,1.2505464808757603
6660,20210617,1.5818302673057314
6661,20210618,1.6993865403685637
6662,20210621,0.9644811372248415
6663,20210622,1.3278534254223917
6664,20210623,0.9045903795237914
6665,20210624,0.9356797988218172
6666,20210625,0.957733759557856
6667,20210628,0.9463056746504985
6668,20210629,2.4785090228346274
6669,20210630,1.4787710446541265
6670,20210701,0.9859755495206814
6671,20210702,0.5569645337098706
6672,20210705,0.6565116605657425
6673,20210706,0.7959385502874624
6674,20210707,0.5539465073703727
6675,20210708,1.9555170555408228
6676,20210709,0.6261165226618215
6677,20210712,0.39282525791754835
6678,20210713,1.894595196903691
6679,20210714,0.8346434453194607
6680,20210715,1.7497795731782688
6681,20210716,0.9628992269628326
6682,20210719,1.321125233069656
6683,20210720,2.1352785868765363
6684,20210721,1.0317134924439764
6685,20210722,1.0225031884170914
6686,20210723,1.0989995296791637
6687,20210726,0.8450672943430558
6688,20210727,0.5717766235806528
6689,20210728,0.6445397383075653
6690,20210729,0.6676147444578575
6691,20210730,0.8730395196824594
6692,20210802,0.7463249214922824
6693,20210803,0.6556804427658822
6694,20210804,0.47047359880020434
6695,20210805,0.7106422331000795
6696,20210806,0.7045083765535588
6697,20210809,0.4533582240090619
6698,20210810,0.8255917498907129
6699,20210811,2.5340140965247353
6700,20210812,1.0788808829602146
6701,20210813,0.8395734766082025
6702,20210816,0.9305883739182556
6703,20210817,0.7649478994635724
6704,20210818,0.9061027059784112
6705,20210819,0.8041445814800615
6706,20210820,1.3523409057306917
6707,20210823,0.9023532216767544
6708,20210824,0.4399647151718137
6709,20210825,0.38352698776925503
6710,20210826,0.9818267771843865
6711,20210827,1.3714581145235436
6712,20210830,1.07646342452218
6713,20210831,0.766132349688128
6714,20210901,0.38501680988633563
6715,20210902,0.6290126795753436
6716,20210903,0.719395500740987
6717,20210906,0.6661284661232133
6718,20210907,1.1157993625876261
6719,20210908,1.6490525613987603
6720,20210909,1.2133586186252125
6721,20210910,0.7410440125785327
6722,20210913,2.0058534896610136
6723,20210914,0.7007342837747367
6724,20210915,0.4868370315437363
6725,20210916,0.7970877970351966
6726,20210917,0.39869166878300866
6727,20210922,0.5509544339410645
6728,20210923,1.1762209996596384
6729,20210924,0.6201771269029086
6730,20210927,0.730021855945686
6731,20210928,0.3954423971159744
6732,20210929,0.7097401129346839
6733,20210930,0.6020663980272325
6734,20211008,0.707871482179174
6735,20211011,0.4146759655643123
6736,20211012,0.7710977160961946
6737,20211013,0.7230533791169159
6738,20211014,0.4185492196889881
6739,20211015,0.4051564281322662
6740,20211018,0.7417445271875482
6741,20211019,0.7219149280359547
6742,20211020,0.979101658312849
6743,20211021,0.8983314589192312
6744,20211022,0.8208132390404709
6745,20211025,0.5864489883657665
6746,20211026,0.6370973921694323
6747,20211027,1.3933905657663246
6748,20211028,0.4718580035099712
6749,20211029,0.7723956582864158
6750,20211101,2.3529423438586163
6751,20211102,1.5625840908428947
6752,20211103,2.5621719198411674
6753,20211104,1.5777771530472904
6754,20211105,1.8435802389028542
6755,20211108,2.8760796179860226
6756,20211109,1.7274678236385947
6757,20211110,1.3813737030230746
6758,20211111,3.6542863972320925
6759,20211112,2.575647041726733
6760,20211115,0.0
6761,20211116,2.8696649205313394
6762,20211117,3.605951855618893
6763,20211118,3.5302485874454606
6764,20211119,1.6936290444624738
6765,20211122,1.5018910178591702
6766,20211123,1.9088838111185735
6767,20211124,2.1870401704091313
6768,20211125,2.320717860793746
6769,20211126,1.4127471329410493
6770,20211129,0.9435729736175572
6771,20211130,1.9002919307337773
6772,20211201,1.8124889823446468
6773,20211202,1.2313820120683676
6774,20211203,1.1459475019180088
6775,20211206,2.8807960364751404
6776,20211207,1.2106959004508828
6777,20211208,1.3289011513262217
6778,20211209,1.0394952293184891
6779,20211210,1.9075079846187433
6780,20211213,2.5870604964200528
6781,20211214,1.3694259313645054
6782,20211215,1.3236367398883413
6783,20211216,3.7175147498327594
6784,20211217,2.1997974084166874
6785,20211220,1.7642628905285735
6786,20211221,3.3407312477978963
6787,20211222,2.6293102057993845
6788,20211223,1.572340967522855
6789,20211224,1.684348260252279
6790,20211227,2.987335119752879
6791,20211228,1.709442103269315
6792,20211229,1.0408210864055762
6793,20211230,3.6352550446570073
6794,20211231,1.471683094556996
6795,20220104,1.2936371730774971
6796,20220105,1.1291070038744369
6797,20220106,2.617363759023354
6798,20220107,1.5641248367099556
6799,20220110,1.2972212456504921
6800,20220111,1.496942947467979
6801,20220112,1.3480666159050623
6802,20220113,1.3004994901671734
6803,20220114,1.1530510888001382
6804,20220117,1.4604233452943893
6805,20220118,1.9653003184856932
6806,20220119,0.8971551162728696
6807,20220120,1.388791281651432
6808,20220121,1.5946557411924613
6809,20220124,1.3559821542696036
6810,20220125,1.7444862007688635
6811,20220126,1.3725343010081508
6812,20220127,1.3011904243223182
6813,20220128,0.792745148626812
6814,20220207,1.5134957843997483
6815,20220208,0.8438988810239777
6816,20220209,1.3338544214552446
6817,20220210,0.8699447954809106
6818,20220211,1.328803938445405
6819,20220214,0.7996905366737949
6820,20220215,1.4128094392935249
6821,20220216,0.866873877674583
6822,20220217,0.8296733364764083
6823,20220218,0.7059711290250731
6824,20220221,1.9974869308320369
6825,20220222,1.3525231527757078
6826,20220223,0.6039218434237827
6827,20220224,1.2990029112008588
6828,20220225,0.5410874751081136
6829,20220228,1.1865421041887005
6830,20220301,0.5673636620323947
6831,20220302,0.5703787076214772
6832,20220303,0.7683472974339809
6833,20220304,0.9535017098970381
6834,20220307,0.9086115502132931
6835,20220308,0.8300453019965236
6836,20220309,1.0049110446012193
6837,20220310,0.7673731422742169
6838,20220311,1.0021727157030942
6839,20220314,0.7839884471105085
6840,20220315,0.790531652486519
6841,20220316,1.0735085520121315
6842,20220317,1.081454845041338
6843,20220318,1.030792620734104
6844,20220321,0.7417970039280545
6845,20220322,1.1582287837499705
6846,20220323,1.3376308516898185
6847,20220324,0.8687150345897142
6848,20220325,1.0008365812934126
6849,20220328,1.3899836026851131
6850,20220329,0.8722166759959221
6851,20220330,0.7232320089373606
6852,20220331,0.8399158993590727
6853,20220401,1.1771405885563084
6854,20220406,0.8700214482823722
6855,20220407,1.1460035524097645
6856,20220408,1.4069759660999586
6857,20220411,1.0093579098808165
6858,20220412,1.3469716332023018
6859,20220413,1.1270743020581333
6860,20220414,0.41073000346431776
6861,20220415,1.1153426492064547
6862,20220418,0.9602707120404574
6863,20220419,2.1147443117026903
6864,20220420,0.7800498403639556
6865,20220421,0.9672052383358338
6866,20220422,0.7773260436050782
6867,20220425,1.6898899407513464
6868,20220426,1.8383250814767875
6869,20220427,1.602050957460736
6870,20220428,0.6833740028049268
6871,20220429,0.8537959769381106
6872,20220505,2.1482254902144233
6873,20220506,0.9643476991302886
6874,20220509,1.361846853081417
6875,20220510,0.88988452904939
6876,20220511,0.7101785458470379
6877,20220512,0.9445538800646807
6878,20220513,0.6460913532292145
6879,20220516,0.5176147080611307
6880,20220517,0.7455159821604479
6881,20220518,0.8291261404599888
6882,20220519,0.5267032163606085
6883,20220520,0.8263334049662399
6884,20220523,1.3756632796556316
6885,20220524,1.5793125528733223
6886,20220525,1.2759750418813791
6887,20220526,0.9121047415099938
6888,20220527,1.4188379746411828
6889,20220530,1.7584238478983774
6890,20220531,0.9189894565826541
6891,20220601,2.2515064921294847
6892,20220602,2.9063902060681444
6893,20220606,0.9545138996479615
6894,20220607,0.8774230115203422
6895,20220608,1.261080372009753
6896,20220609,0.8942580805355583
6897,20220610,0.5593215311789186
6898,20220613,0.5856663775983415
6899,20220614,1.0780627235690834
6900,20220615,0.5121190135994323
6901,20220616,2.8256754290423003
6902,20220617,2.6665387628663306
6903,20220620,1.1279054422742918
6904,20220621,0.8019778686724802
6905,20220622,1.9026068927154576
6906,20220623,1.0056551957615778
6907,20220624,0.8187523387346913
6908,20220627,2.720309041664343
6909,20220628,1.5473724160295808
6910,20220629,0.7826163309510751
6911,20220630,1.0459459931253035
6912,20220701,1.24449593148951
6913,20220704,0.6192523977680348
6914,20220705,1.1133493205929204
6915,20220706,0.7336602036765623
6916,20220707,0.6518747470807075
6917,20220708,0.9219519133724522
6918,20220711,0.8504690474371808
6919,20220712,0.721518207246124
6920,20220713,0.7426997705909759
6921,20220714,1.433458567471698
6922,20220715,0.6143101635333925
6923,20220718,1.5131219154663207
6924,20220719,1.1054564817033492
6925,20220720,0.7377878019369544
6926,20220721,1.0644736887448414
6927,20220722,1.0170698094792963
6928,20220725,1.314390560554428
6929,20220726,0.7396154917159904
6930,20220727,0.516326385954696
6931,20220728,1.0892792547484893
6932,20220729,0.47437804608310746
6933,20220801,0.629374332729561
6934,20220802,1.6739026852756027
6935,20220803,0.9776838486829869
6936,20220804,0.8329013921104466
6937,20220805,1.2232267375593986
6938,20220808,0.8666550239301849
6939,20220809,1.0225174462033633
6940,20220810,0.41995908676857785
6941,20220811,1.9571357600293215
6942,20220812,0.6081319680870568
6943,20220815,0.7333926778619534
6944,20220816,0.5043843445995086
6945,20220817,1.4537860704387218
6946,20220818,1.7536700787732735
6947,20220819,1.3773100378682557
6948,20220822,1.8799429162064893
6949,20220823,1.2338638105697697
6950,20220824,1.301160370634563
6951,20220825,1.1394986215807896
6952,20220826,1.605624015715735
6953,20220829,0.9950722452551369
6954,20220830,1.9268773754063082
6955,20220831,1.3215281557480727
6956,20220901,1.8464479332660584
6957,20220902,2.606260389481771
6958,20220905,1.5279630412668737
6959,20220906,0.4916986003533537
6960,20220907,1.0149778884538658
6961,20220908,1.3313569551230855
6962,20220909,1.6896314422191958
6963,20220913,0.7641158445488869
6964,20220914,0.968985188789285
6965,20220915,1.0589115393850865
6966,20220916,0.9836673912015416
6967,20220919,1.923404911936679
6968,20220920,0.6016362646432641
6969,20220921,1.308227590131747
6970,20220922,0.6762199841229586
6971,20220923,0.9607051398338449
6972,20220926,0.46813636627423716
6973,20220927,0.9569413576609542
6974,20220928,0.7637379899798812
6975,20220929,1.2710584601844168
6976,20220930,1.0977909218506612
6977,20221010,0.9232254276883983
6978,20221011,0.7219541852067123
6979,20221012,2.0209161837619773
6980,20221013,0.8564977873922153
6981,20221014,1.2842270345909246
6982,20221017,3.657623860069872
6983,20221018,4.039446876713231
6984,20221019,1.7279170404036794
6985,20221020,1.79368082885217
6986,20221021,1.9247169589014321
6987,20221024,1.216523864719164
6988,20221025,0.9640207618529616
6989,20221026,1.3211844544309996
6990,20221027,1.1064748711154864
6991,20221028,1.1112373626109102
6992,20221031,1.8538800822821822
6993,20221101,0.6921891565153001
6994,20221102,1.9101491451249732
6995,20221103,2.3412553130475438
6996,20221104,0.7766122892735957
6997,20221107,1.7152959949468434
6998,20221108,1.1557240516452045
6999,20221109,0.9347275061896039
7000,20221110,2.2778327228328217
7001,20221111,1.1918289369949924
7002,20221114,0.5535710233014033
7003,20221115,0.6433537506256394
7004,20221116,1.8710752586892503
7005,20221117,1.9570283573810427
7006,20221118,1.7975541156604526
7007,20221121,1.7002411764917829
7008,20221122,1.5280409962452963
7009,20221123,3.9247180947836053
7010,20221124,1.5513682916756688
7011,20221125,1.5381189669367332
7012,20221128,1.363788627063154
7013,20221129,0.5950785530474798
7014,20221130,1.6217773815653431
7015,20221201,2.1286306085445905
7016,20221202,1.3615656701822827
7017,20221205,1.9057967211864721
7018,20221206,1.1782131145475374
7019,20221207,0.773242405268978
7020,20221208,0.9046779627749515
7021,20221209,1.1174844986038546
7022,20221212,0.5857803332602369
7023,20221213,0.9007823764328646
7024,20221214,0.8350988311534693
7025,20221215,0.9259277970111851
7026,20221216,0.9717357421564639
7027,20221219,1.130282142316387
7028,20221220,1.3553611752746137
7029,20221221,0.9179582961433796
7030,20221222,1.5522088160594432
7031,20221223,1.3454757934193513
7032,20221226,0.47550858895307346
7033,20221227,0.7068383785899988
7034,20221228,1.3834964405641212
7035,20221229,1.4743281352517947
7036,20221230,1.7762993673779917
7037,20230103,1.6146940102686675
7038,20230104,0.9900746592198091
7039,20230105,0.7487561699828774
7040,20230106,0.7824829132525841
7041,20230109,0.8793779114611762
7042,20230110,1.1550599221805493
7043,20230111,1.1150703583954507
7044,20230112,0.9736002232188921
7045,20230113,0.5280314304593511
7046,20230116,0.4639709656504311
7047,20230117,1.3590860174074604
7048,20230118,0.8226794620648062
7049,20230119,0.5150613557677648
7050,20230120,3.9888513548116
7051,20230130,0.8731927203360905
7052,20230131,0.7818987029790296
7053,20230201,0.8576812672966914
7054,20230202,0.8093472980764957
7055,20230203,2.225064502820806
7056,20230206,1.7425941707238635
7057,20230207,1.2224045151586072
7058,20230208,1.7305211542856072
7059,20230209,1.068673563181343
7060,20230210,1.15316004445641
7061,20230213,0.6464597819406747
7062,20230214,0.5676768047667259
7063,20230215,2.3473636768390165
7064,20230216,3.050800109592606
7065,20230217,2.311569707265213
7066,20230220,2.701584379485004
7067,20230221,1.2803436654835452
7068,20230222,1.4639393610763625
7069,20230223,2.3089937316678473
7070,20230224,1.2027301046081231
7071,20230227,0.9371620653192965
7072,20230228,3.325929662345216
7073,20230301,2.3309824757554116
7074,20230302,1.9475184744775544
7075,20230303,1.6992863054180143
7076,20230306,1.5948162978526854
7077,20230307,2.2356646797400477
7078,20230308,1.1693082343114671
7079,20230309,1.6067351229278275
7080,20230310,2.136090704921673
7081,20230313,1.536048778201652
7082,20230314,2.84560853259173
7083,20230315,1.1030844209808175
7084,20230316,1.0541631651881818
7085,20230317,1.809547639756147
7086,20230320,2.581969640121886
7087,20230321,1.8648033460149986
7088,20230322,1.6566429253477528
7089,20230323,3.728076713972658
7090,20230324,1.8349175971870146
7091,20230327,1.2672208711301478
7092,20230328,1.8595017136050185
7093,20230329,1.9662183711524623
7094,20230330,1.3823030847611972
7095,20230331,2.3853972317084953
7096,20230403,1.419900838531528
7097,20230404,1.6648233659950311
7098,20230406,3.1205821458335175
7099,20230407,1.4909249405392888
7100,20230410,2.1980182210171675
7101,20230411,2.420138002356973
7102,20230412,3.6768229399736865
7103,20230413,1.5011528828154064
7104,20230414,2.459573152753994
7105,20230417,1.9338317640292666
7106,20230418,1.5477323079151983
7107,20230419,1.8033642953603626
7108,20230420,1.9390927626450452
7109,20230421,1.7902975888701906
7110,20230424,1.4107844065372324
7111,20230425,1.1209155523075893
7112,20230426,1.4558218362748558
7113,20230427,1.7840179197084847
7114,20230428,2.4832689021238044
7115,20230504,1.6435021413072406
7116,20230505,1.6052416677777863
7117,20230508,2.148266787488548
7118,20230509,2.2338666977301123
7119,20230510,3.2476981478186504
7120,20230511,4.576642526900565
7121,20230512,2.2087914670231914
7122,20230515,2.012185927857065
7123,20230516,2.390373330697315
7124,20230517,1.7151667665172197
7125,20230518,1.0644926770773786
7126,20230519,1.5331403124819398
7127,20230522,1.4673028141479818
7128,20230523,1.2035288461607523
7129,20230524,0.9872765924898583
7130,20230525,2.3038725229067545
7131,20230526,1.2007452517759112
7132,20230529,1.3073665090966309
7133,20230530,1.4688377140875553
7134,20230531,1.3555840946746984
7135,20230601,1.4445217969591553
7136,20230602,1.2534634295695082
7137,20230605,3.4018242537679733
7138,20230606,1.944149292059929
7139,20230607,3.5306405997597903
7140,20230608,1.6513748432011566
7141,20230609,1.2882418350255456
7142,20230612,1.0528331728501148
7143,20230613,1.4725782015715723
7144,20230614,1.4824073984305208
7145,20230615,1.5805054955531326
7146,20230616,2.0593149191623135
7147,20230619,1.0791693386915222
7148,20230620,0.9984855395795945
7149,20230621,1.7474096307701117
7150,20230626,2.403419208905043
7151,20230627,0.7894881104510805
7152,20230628,2.0194534317612556
7153,20230629,1.4448385555895058
7154,20230630,0.9553660240484819
7155,20230703,1.5157574481336338
7156,20230704,0.7189744038637399
7157,20230705,0.901006749038079
7158,20230706,1.3775250753854176
7159,20230707,2.1597403994574096
7160,20230710,1.1073881107355943
7161,20230711,1.7665009536078216
7162,20230712,2.04729411430642
7163,20230713,1.5072792665912635
7164,20230714,1.2935726702557508
7165,20230717,1.8659818248130706
7166,20230718,0.9407740398892142
7167,20230719,1.5544064825453925
7168,20230720,1.2454476049409025
7169,20230721,1.2466860117836438
